# Rådata, tur 06c13078-f714-463b-bf52-722649dfb574 (Tom, bil, >17 min-turen, 2026-09-11 14:58–15:20 UTC)
# Exporterad ur gps_points 2026-09-11. 1305 fixar, alla med rådata, ingen lucka > 7 s. T0 = 2026-09-11 14:58:19.643+00
# Kolumner: ms_sedan_start,raw_lat*1e6,raw_lng*1e6,enhetsfart_kn*100,kurs_grader,accuracy_m ; radskiljare ';'
# Sparat i databasen: distance 17.45 NM (∫Doppler), distanceSmoothedNM 17.77, distanceRawNM 17.61, average 49.0, max 82.5, duration_seconds 1306.
# Facit mot bil: bilens Trip 2 nollställdes före start och fotades STILLASTÅENDE (0 mph) efter spara: 20.5 mi = 17.81 NM (avrundning 20.45–20.55 mi → 17.77–17.86 NM).
# Bilens vägmätare har egen okänd kalibrering (typiskt ±1–2 %). Första ~12 s och sista ~25 s stilla (0 kn).
0,36952102,-86012912,0,294,10;999,36952102,-86012912,0,294,10;1999,36952102,-86012912,0,294,10;
3001,36952102,-86012912,0,294,10;4004,36952102,-86012912,0,294,10;5003,36952102,-86012912,0,294,10;
6003,36952102,-86012912,0,294,10;7004,36952102,-86012912,0,294,10;8004,36952102,-86012912,0,294,10;
9004,36952102,-86012912,0,294,10;10004,36952102,-86012912,0,294,10;11006,36952102,-86012912,0,294,10;
12006,36952104,-86012917,50,293,10;13007,36952107,-86012928,160,291,10;14007,36952113,-86012951,370,287,10;
15008,36952120,-86012988,590,281,10;16009,36952125,-86013035,750,278,10;17009,36952133,-86013090,910,282,10;
18010,36952150,-86013152,1070,291,10;19011,36952176,-86013225,1290,294,10;20011,36952205,-86013306,1450,295,10;
21013,36952259,-86013379,1610,297,10;22013,36952296,-86013462,1670,300,10;23012,36952335,-86013539,1610,303,10;
24013,36952378,-86013621,1560,303,10;25014,36952420,-86013699,1610,304,10;26014,36952461,-86013777,1610,306,10;
27014,36952506,-86013854,1610,306,10;28014,36952552,-86013933,1670,306,10;29014,36952590,-86014026,1720,307,10;
30015,36952647,-86014113,1830,307,10;31016,36952703,-86014201,1880,307,10;32017,36952760,-86014293,1940,308,10;
33018,36952819,-86014392,2050,308,10;34019,36952882,-86014493,2150,309,10;35022,36952948,-86014601,2260,309,10;
36021,36953026,-86014692,2260,307,10;37023,36953080,-86014785,1990,306,10;38023,36953126,-86014874,1720,294,10;
39024,36953152,-86014975,1610,276,10;40025,36953152,-86015084,1510,255,10;41025,36953121,-86015181,1400,241,10;
42026,36953060,-86015262,1450,222,10;43026,36952976,-86015321,1610,206,10;44027,36952881,-86015358,1830,192,10;
45029,36952784,-86015377,1940,186,10;46028,36952685,-86015386,1990,182,10;47028,36952590,-86015387,1990,179,10;
48029,36952496,-86015381,1940,175,10;49030,36952404,-86015369,1940,173,10;50030,36952305,-86015343,1990,165,10;
51031,36952212,-86015311,2050,164,10;52032,36952124,-86015276,1940,161,10;53033,36952058,-86015251,1610,168,10;
54032,36951995,-86015244,1450,175,10;55032,36951938,-86015254,1400,188,10;56035,36951886,-86015289,1510,206,10;
57034,36951835,-86015343,1670,222,10;58037,36951786,-86015413,1780,233,10;59038,36951732,-86015503,1830,233,10;
60035,36951683,-86015591,1880,236,10;61037,36951640,-86015670,1610,236,10;62038,36951608,-86015729,1290,236,10;
63038,36951586,-86015769,910,236,10;64038,36951562,-86015779,480,236,10;65038,36951558,-86015790,160,236,10;
66040,36951556,-86015818,370,236,10;67041,36951558,-86015861,910,298,10;68041,36951623,-86015928,1290,336,10;
69042,36951701,-86015962,1670,340,10;70042,36951795,-86015999,2050,342,10;71043,36951903,-86016041,2320,344,10;
72045,36952019,-86016081,2480,347,10;73045,36952143,-86016115,2690,351,10;74045,36952274,-86016135,2800,356,10;
75046,36952410,-86016144,2860,358,10;76047,36952551,-86016144,2960,1,10;77048,36952693,-86016133,3020,7,10;
78048,36952840,-86016115,3130,9,10;79050,36952990,-86016090,3180,12,10;80050,36953142,-86016055,3290,14,10;
81050,36953296,-86016019,3340,13,10;82050,36953446,-86015958,3340,12,10;83053,36953601,-86015915,3340,12,10;
84053,36953757,-86015873,3340,12,10;85056,36953916,-86015830,3400,12,10;86055,36954079,-86015808,3400,12,10;
87055,36954238,-86015764,3450,12,10;88056,36954396,-86015723,3400,12,10;89057,36954553,-86015681,3400,12,10;
90057,36954705,-86015633,3340,13,10;91057,36954855,-86015576,3290,19,10;92057,36955001,-86015505,3290,22,10;
93057,36955143,-86015421,3290,26,10;94058,36955275,-86015321,3290,33,10;95058,36955395,-86015203,3230,39,10;
96060,36955504,-86015068,3230,42,10;97061,36955603,-86014922,3230,50,10;98062,36955693,-86014769,3230,56,10;
99062,36955774,-86014608,3180,57,10;100062,36955855,-86014447,3180,58,10;101063,36955939,-86014290,3180,58,10;
102062,36956028,-86014135,3230,56,10;103062,36956127,-86013990,3230,50,10;104063,36956236,-86013857,3230,44,10;
105064,36956360,-86013734,3290,36,10;106064,36956498,-86013622,3450,32,10;107064,36956651,-86013525,3610,27,10;
108065,36956810,-86013425,3720,20,10;109066,36956980,-86013351,3770,19,10;110066,36957151,-86013286,3770,17,10;
111068,36957320,-86013222,3720,17,10;112067,36957490,-86013158,3720,17,10;113069,36957663,-86013094,3770,16,10;
114071,36957835,-86013030,3770,16,10;115070,36958011,-86012987,3770,16,10;116073,36958180,-86012922,3770,16,10;
117072,36958342,-86012863,3610,15,10;118073,36958496,-86012809,3400,14,10;119075,36958648,-86012766,3290,13,10;
120074,36958800,-86012733,3290,9,10;121074,36958953,-86012691,3290,5,10;122075,36959111,-86012677,3290,1,10;
123076,36959266,-86012675,3290,359,10;124077,36959422,-86012680,3290,358,10;125076,36959576,-86012688,3230,357,10;
126077,36959733,-86012704,3290,355,10;127077,36959898,-86012727,3450,351,10;128078,36960068,-86012764,3610,350,10;
129078,36960245,-86012806,3770,348,10;130079,36960429,-86012853,3940,348,10;131079,36960620,-86012901,4100,349,10;
132078,36960813,-86012949,4150,349,10;133080,36961008,-86012996,4210,349,10;134081,36961205,-86013043,4260,349,10;
135082,36961402,-86013090,4260,349,10;136082,36961599,-86013137,4260,349,10;137081,36961796,-86013185,4260,349,10;
138081,36961993,-86013237,4260,348,10;139082,36962188,-86013290,4260,348,10;140083,36962382,-86013342,4210,348,10;
141083,36962576,-86013394,4260,348,10;142084,36962773,-86013442,4260,349,10;143085,36962968,-86013487,4260,350,10;
144085,36963161,-86013531,4210,350,10;145086,36963348,-86013595,4150,350,10;146088,36963539,-86013616,4040,350,10;
147088,36963723,-86013657,3990,350,10;148090,36963903,-86013695,3830,351,10;149091,36964075,-86013730,3830,351,10;
150091,36964248,-86013766,3830,350,10;151091,36964414,-86013805,3560,348,10;152092,36964573,-86013853,3450,345,10;
153091,36964725,-86013911,3340,340,10;154092,36964871,-86013991,3340,334,10;155093,36965014,-86014100,3450,323,10;
156094,36965142,-86014238,3500,315,10;157095,36965254,-86014403,3610,309,10;158098,36965359,-86014596,3830,301,10;
159098,36965459,-86014808,4150,300,10;160099,36965561,-86015029,4370,300,10;161099,36965665,-86015258,4480,300,10;
162101,36965770,-86015490,4580,300,10;163103,36965877,-86015725,4640,300,10;164103,36965985,-86015963,4690,299,10;
165104,36966093,-86016203,4690,299,10;166105,36966204,-86016445,4750,300,10;167104,36966320,-86016685,4800,301,10;
168104,36966439,-86016927,4850,301,10;169106,36966557,-86017167,4850,301,10;170106,36966671,-86017405,4750,301,10;
171107,36966783,-86017637,4640,301,10;172107,36966890,-86017864,4530,300,10;173108,36966978,-86018097,4420,300,10;
174109,36967093,-86018305,4310,300,10;175109,36967193,-86018519,4260,300,10;176110,36967292,-86018727,4150,301,10;
177110,36967391,-86018931,4100,301,10;178110,36967489,-86019134,4040,300,10;179111,36967569,-86019345,3990,300,10;
180112,36967663,-86019543,3940,302,10;181112,36967774,-86019729,3940,302,10;182114,36967860,-86019938,4040,303,10;
183118,36967968,-86020135,4100,304,10;184116,36968082,-86020329,4150,308,10;185117,36968198,-86020519,4100,308,10;
186120,36968311,-86020700,3990,310,10;187121,36968438,-86020851,3770,312,10;188120,36968540,-86021004,3500,317,10;
189118,36968660,-86021107,3180,327,10;190122,36968781,-86021172,2860,339,10;191122,36968903,-86021204,2640,351,10;
192123,36969027,-86021203,2640,4,10;193124,36969139,-86021166,2480,18,10;194123,36969246,-86021108,2480,24,10;
195125,36969358,-86021042,2590,25,10;196124,36969474,-86020970,2750,25,10;197125,36969588,-86020902,2690,25,10;
198127,36969704,-86020841,2640,23,10;199127,36969827,-86020778,2800,23,10;200127,36969952,-86020718,2860,22,10;
201128,36970067,-86020638,2800,22,10;202128,36970188,-86020576,2750,21,10;203130,36970311,-86020517,2750,21,10;
204131,36970441,-86020477,2800,20,10;205131,36970568,-86020418,2860,19,10;206132,36970700,-86020364,2910,19,10;
207131,36970835,-86020301,3020,14,10;208134,36970984,-86020263,3180,9,10;209135,36971138,-86020244,3230,4,10;
210136,36971298,-86020249,3340,357,10;211134,36971458,-86020262,3400,356,10;212135,36971620,-86020282,3450,353,10;
213140,36971784,-86020320,3450,346,10;214139,36971942,-86020384,3450,339,10;215140,36972089,-86020476,3400,331,10;
216140,36972222,-86020594,3400,323,10;217140,36972341,-86020723,3340,319,10;218140,36972456,-86020849,3290,319,10;
219142,36972563,-86020963,3130,323,10;220142,36972666,-86021052,2800,330,10;221142,36972763,-86021115,2420,336,10;
222142,36972855,-86021156,2150,344,10;223143,36972948,-86021198,2100,349,10;224143,36973062,-86021178,2370,349,10;
225144,36973174,-86021097,2690,30,10;226144,36973299,-86021007,3020,30,10;227146,36973434,-86020908,3290,30,10;
228147,36973577,-86020803,3500,31,10;229147,36973726,-86020693,3660,31,10;230149,36973879,-86020581,3770,30,10;
231147,36974036,-86020473,3770,28,10;232149,36974195,-86020371,3770,27,10;233151,36974352,-86020264,3830,30,10;
234152,36974508,-86020154,3770,29,10;235152,36974653,-86020052,3610,30,10;236153,36974782,-86019959,3230,29,10;
237154,36974898,-86019887,2750,22,10;238154,36975007,-86019850,2320,11,10;239158,36975116,-86019869,1990,346,10;
240160,36975205,-86019922,1940,331,10;241157,36975281,-86020013,1990,310,10;242160,36975344,-86020116,2100,307,10;
243159,36975409,-86020225,2260,306,10;244159,36975478,-86020344,2480,306,10;245162,36975543,-86020481,2690,315,10;
246162,36975641,-86020584,2750,326,10;247162,36975756,-86020641,2640,335,10;248162,36975872,-86020688,2640,346,10;
249163,36976005,-86020705,2860,358,10;250162,36976147,-86020708,3020,8,10;251168,36976286,-86020661,3070,18,10;
252166,36976418,-86020586,3070,27,10;253164,36976545,-86020495,3070,30,10;254166,36976673,-86020391,3180,32,10;
255165,36976804,-86020279,3340,34,10;256165,36976940,-86020165,3450,34,10;257164,36977080,-86020049,3500,34,10;
258164,36977216,-86019931,3500,34,10;259165,36977348,-86019812,3450,34,10;260167,36977480,-86019695,3450,34,10;
261165,36977613,-86019581,3400,34,10;262167,36977746,-86019467,3400,34,10;263167,36977882,-86019356,3450,34,10;
264172,36978014,-86019244,3450,34,10;265167,36978149,-86019128,3400,34,10;266168,36978279,-86019015,3340,34,10;
267168,36978410,-86018901,3340,35,10;268168,36978544,-86018788,3400,35,10;269168,36978681,-86018678,3450,35,10;
270170,36978816,-86018565,3450,35,10;271171,36978945,-86018447,3400,39,10;272171,36979066,-86018322,3340,40,10;
273172,36979179,-86018190,3340,48,10;274173,36979264,-86018048,3070,56,10;275174,36979306,-86017896,2750,79,10;
276174,36979305,-86017730,2750,95,10;277174,36979266,-86017545,3180,108,10;278175,36979205,-86017353,3500,112,10;
279175,36979149,-86017168,3450,109,10;280176,36979110,-86017001,3070,104,10;281179,36979101,-86016856,2530,92,10;
282179,36979128,-86016736,2150,62,10;283178,36979190,-86016642,2050,43,10;284177,36979275,-86016571,2100,34,10;
285179,36979374,-86016503,2370,30,10;286181,36979477,-86016409,2640,26,10;287181,36979611,-86016337,3020,30,10;
288184,36979749,-86016237,3340,30,10;289182,36979897,-86016128,3560,30,10;290184,36980055,-86016013,3830,30,10;
291182,36980223,-86015894,4100,30,10;292184,36980398,-86015766,4260,30,10;293184,36980578,-86015636,4420,31,10;
294184,36980760,-86015507,4480,31,10;295184,36980940,-86015375,4420,31,10;296185,36981118,-86015246,4420,30,10;
297186,36981293,-86015120,4310,30,10;298187,36981465,-86014998,4260,30,10;299186,36981633,-86014880,4150,30,10;
300187,36981792,-86014771,3940,30,10;301186,36981938,-86014662,3660,31,10;302187,36982071,-86014548,3450,34,10;
303186,36982195,-86014427,3340,36,10;304191,36982311,-86014296,3340,46,10;305190,36982416,-86014153,3290,47,10;
306190,36982516,-86014006,3290,47,10;307190,36982617,-86013860,3290,47,10;308191,36982721,-86013726,3180,47,10;
309190,36982830,-86013613,3070,37,10;310192,36982948,-86013524,2960,28,10;311191,36983076,-86013459,2960,18,10;
312191,36983209,-86013409,2910,16,10;313192,36983344,-86013362,2960,14,10;314192,36983483,-86013316,3020,15,10;
315192,36983625,-86013269,3130,15,10;316192,36983768,-86013223,3180,15,10;317192,36983913,-86013176,3180,15,10;
318192,36984059,-86013126,3230,15,10;319192,36984212,-86013075,3340,15,10;320194,36984369,-86013019,3450,17,10;
321194,36984529,-86012960,3560,17,10;322194,36984697,-86012901,3660,16,10;323194,36984872,-86012840,3830,17,10;
324194,36985048,-86012779,3880,16,10;325194,36985224,-86012717,3940,14,10;326194,36985401,-86012656,3880,16,10;
327193,36985579,-86012595,3940,17,10;328195,36985757,-86012530,3940,17,10;329196,36985933,-86012462,3940,16,10;
330198,36986103,-86012397,3830,16,10;331197,36986265,-86012339,3610,16,10;332198,36986421,-86012288,3450,16,10;
333199,36986571,-86012240,3340,15,10;334198,36986712,-86012190,3130,15,10;335198,36986846,-86012139,3020,17,10;
336200,36986977,-86012088,2910,17,10;337200,36987102,-86012040,2800,16,10;338202,36987219,-86011999,2640,14,10;
339202,36987315,-86011970,2210,11,10;340203,36987386,-86011950,1610,11,10;341203,36987431,-86011938,1070,9,10;
342204,36987451,-86011933,530,9,10;343205,36987463,-86011930,210,5,10;344206,36987493,-86011919,530,17,10;
345206,36987530,-86011888,910,41,10;346207,36987555,-86011822,1180,71,10;347206,36987566,-86011717,1610,88,10;
348206,36987567,-86011585,2150,87,10;349209,36987572,-86011424,2640,87,10;350209,36987578,-86011241,3070,87,10;
351209,36987585,-86011038,3400,88,10;352210,36987591,-86010821,3660,88,10;353210,36987593,-86010593,3830,89,10;
354211,36987598,-86010357,3990,89,10;355211,36987605,-86010112,4150,88,10;356212,36987614,-86009858,4310,88,10;
357212,36987620,-86009599,4420,88,10;358213,36987625,-86009336,4480,88,10;359214,36987631,-86009081,4370,88,10;
360215,36987640,-86008832,4310,88,10;361215,36987632,-86008584,4210,88,10;362215,36987650,-86008335,4210,83,10;
363218,36987679,-86008087,4260,80,10;364219,36987720,-86007839,4310,78,10;365218,36987765,-86007586,4370,76,10;
366218,36987822,-86007332,4480,73,10;367222,36987895,-86007079,4530,69,10;368223,36987975,-86006831,4580,68,10;
369224,36988061,-86006584,4580,67,10;370224,36988147,-86006335,4640,67,10;371225,36988233,-86006081,4690,67,10;
372227,36988319,-86005825,4750,67,10;373227,36988406,-86005564,4850,69,10;374227,36988488,-86005295,4910,70,10;
375227,36988562,-86005020,5020,74,10;376229,36988621,-86004733,5070,79,10;377228,36988664,-86004436,5180,80,10;
378229,36988690,-86004134,5230,85,10;379230,36988697,-86003829,5230,90,10;380230,36988687,-86003517,5340,95,10;
381231,36988660,-86003199,5500,97,10;382232,36988617,-86002887,5450,101,10;383232,36988554,-86002578,5450,105,10;
384234,36988471,-86002271,5610,111,10;385234,36988382,-86001953,5720,112,10;386235,36988267,-86001636,5930,115,10;
387236,36988150,-86001310,6090,115,10;388237,36988028,-86000975,6260,115,10;389238,36987902,-86000634,6420,115,10;
390240,36987762,-86000302,6420,115,10;391242,36987641,-85999968,6310,114,10;392243,36987523,-85999640,6200,114,10;
393243,36987405,-85999315,6090,114,10;394244,36987290,-85998994,6040,114,10;395246,36987191,-85998670,5930,114,10;
396247,36987076,-85998359,5880,114,10;397248,36986964,-85998053,5770,115,10;398248,36986852,-85997749,5720,115,10;
399250,36986744,-85997452,5610,114,10;400250,36986638,-85997161,5500,114,10;401251,36986535,-85996876,5390,114,10;
402250,36986434,-85996598,5230,114,10;403252,36986335,-85996326,5180,115,10;404252,36986239,-85996060,5020,114,10;
405254,36986145,-85995800,4910,114,10;406254,36986054,-85995546,4800,115,10;407255,36985951,-85995307,4690,114,10;
408255,36985870,-85995063,4530,111,10;409256,36985802,-85994817,4420,108,10;410256,36985763,-85994568,4370,100,10;
411256,36985728,-85994325,4260,97,10;412256,36985707,-85994077,4260,94,10;413260,36985693,-85993821,4370,94,10;
414260,36985680,-85993554,4530,93,10;415260,36985668,-85993276,4750,93,10;416261,36985658,-85992985,4960,93,10;
417261,36985647,-85992681,5180,93,10;418260,36985635,-85992366,5390,93,10;419260,36985622,-85992051,5450,93,10;
420262,36985610,-85991736,5450,93,10;421263,36985598,-85991422,5390,92,10;422263,36985593,-85991106,5450,91,10;
423263,36985591,-85990793,5390,90,10;424263,36985576,-85990490,5290,89,10;425263,36985582,-85990198,5020,88,10;
426264,36985591,-85989916,4850,87,10;427266,36985607,-85989644,4690,85,10;428266,36985640,-85989384,4580,85,10;
429267,36985643,-85989126,4480,84,10;430269,36985685,-85988871,4480,83,10;431269,36985715,-85988612,4480,81,10;
432270,36985734,-85988352,4530,80,10;433271,36985791,-85988093,4580,79,10;434273,36985816,-85987826,4640,79,10;
435274,36985875,-85987571,4580,78,10;436277,36985902,-85987312,4480,78,10;437275,36985944,-85987058,4480,78,10;
438277,36985985,-85986807,4310,79,10;439277,36986025,-85986556,4370,79,10;440277,36986063,-85986308,4370,79,10;
441279,36986120,-85986069,4260,78,10;442280,36986162,-85985826,4260,77,10;443282,36986211,-85985587,4260,74,10;
444282,36986277,-85985352,4260,69,10;445282,36986363,-85985116,4420,62,10;446283,36986465,-85984885,4530,60,10;
447284,36986577,-85984663,4530,59,10;448285,36986690,-85984443,4480,55,10;449286,36986796,-85984220,4480,64,10;
450287,36986871,-85983981,4420,69,10;451288,36986939,-85983740,4420,71,10;452291,36986998,-85983500,4370,75,10;
453292,36987041,-85983259,4310,80,10;454292,36987071,-85983025,4100,82,10;455292,36987083,-85982820,3720,88,10;
456293,36987087,-85982642,3180,89,10;457293,36987089,-85982504,2530,89,10;458297,36987090,-85982405,1780,89,10;
459295,36987091,-85982341,1180,89,10;460300,36987091,-85982285,970,89,10;461299,36987100,-85982241,1020,39,10;
462301,36987237,-85982212,1290,18,10;463300,36987317,-85982191,1670,16,10;464301,36987415,-85982167,2050,16,10;
465301,36987538,-85982133,2530,16,10;466301,36987680,-85982084,3020,17,10;467303,36987840,-85982030,3450,17,10;
468304,36988016,-85981971,3830,17,10;469305,36988207,-85981907,4150,17,10;470307,36988408,-85981838,4420,17,10;
471308,36988612,-85981766,4530,17,10;472309,36988823,-85981693,4640,17,10;473307,36989039,-85981613,4800,16,10;
474309,36989262,-85981528,4960,16,10;475311,36989489,-85981440,5070,16,10;476313,36989722,-85981354,5180,16,10;
477313,36989956,-85981267,5230,16,10;478314,36990192,-85981178,5290,16,10;479314,36990429,-85981091,5290,16,10;
480315,36990666,-85981003,5290,16,10;481315,36990902,-85980913,5290,14,10;482315,36991135,-85980825,5230,14,10;
483316,36991365,-85980739,5120,16,10;484316,36991591,-85980653,5070,18,10;485316,36991815,-85980566,5020,19,10;
486317,36992034,-85980476,4960,20,10;487316,36992247,-85980379,4850,21,10;488317,36992455,-85980277,4800,23,10;
489317,36992659,-85980172,4750,24,10;490317,36992860,-85980066,4690,27,10;491319,36993056,-85979960,4580,29,10;
492319,36993248,-85979852,4530,30,10;493319,36993418,-85979708,4420,29,10;494320,36993587,-85979589,4210,30,10;
495323,36993741,-85979479,3880,30,10;496324,36993873,-85979383,3400,30,10;497323,36993971,-85979312,2590,30,10;
498323,36994037,-85979264,1780,30,10;499324,36994129,-85979330,1450,331,10;500325,36994190,-85979378,1510,324,10;
501327,36994238,-85979461,1720,303,10;502328,36994270,-85979572,1940,287,10;503330,36994284,-85979712,2260,271,10;
504331,36994277,-85979872,2640,263,10;505331,36994245,-85980049,3020,253,10;506332,36994188,-85980238,3400,248,10;
507334,36994116,-85980442,3720,244,10;508337,36994037,-85980663,4040,243,10;509337,36993955,-85980900,4370,245,10;
510337,36993871,-85981154,4640,244,10;511336,36993767,-85981413,4910,244,10;512338,36993662,-85981682,5120,244,10;
513339,36993560,-85981953,5120,246,10;514339,36993480,-85982238,5120,253,10;515341,36993441,-85982534,5120,260,10;
516341,36993412,-85982827,5070,267,10;517344,36993414,-85983124,5120,275,10;518342,36993443,-85983420,5120,280,10;
519342,36993500,-85983714,5180,287,10;520344,36993582,-85984003,5290,291,10;521344,36993678,-85984293,5340,292,10;
522344,36993776,-85984584,5450,292,10;523347,36993857,-85984891,5500,295,10;524346,36993975,-85985182,5560,295,10;
525346,36994078,-85985485,5610,295,10;526347,36994187,-85985789,5720,296,10;527349,36994296,-85986099,5830,296,10;
528349,36994411,-85986413,5930,297,10;529349,36994535,-85986727,5990,297,10;530350,36994668,-85987041,6090,299,10;
531350,36994807,-85987357,6200,299,10;532351,36994950,-85987675,6260,299,10;533350,36995092,-85987986,6260,300,10;
534350,36995244,-85988308,6310,301,10;535350,36995398,-85988619,6310,302,10;536352,36995553,-85988925,6260,302,10;
537353,36995707,-85989229,6150,303,10;538355,36995861,-85989530,6090,303,10;539355,36996018,-85989825,6090,304,10;
540359,36996178,-85990115,6040,305,10;541357,36996340,-85990401,5990,306,10;542356,36996503,-85990684,5990,306,10;
543358,36996664,-85990963,5930,306,10;544359,36996825,-85991240,5880,306,10;545360,36996985,-85991515,5830,306,10;
546360,36997145,-85991787,5770,306,10;547361,36997303,-85992056,5770,306,10;548361,36997460,-85992323,5720,306,10;
549363,36997616,-85992588,5660,306,10;550363,36997770,-85992853,5610,306,10;551364,36997922,-85993117,5610,307,10;
552364,36998074,-85993378,5560,307,10;553365,36998226,-85993636,5500,307,10;554365,36998376,-85993895,5450,307,10;
555366,36998526,-85994151,5450,305,10;556367,36998677,-85994406,5450,306,10;557367,36998829,-85994660,5450,306,10;
558366,36998981,-85994918,5500,306,10;559368,36999136,-85995183,5610,305,10;560368,36999298,-85995460,5830,305,10;
561369,36999463,-85995746,6040,306,10;562372,36999635,-85996040,6200,307,10;563371,36999810,-85996340,6360,307,10;
564372,36999987,-85996646,6470,306,10;565374,37000170,-85996957,6640,305,10;566375,37000348,-85997263,6690,306,10;
567376,37000534,-85997580,6640,306,10;568376,37000717,-85997890,6640,306,10;569378,37000894,-85998192,6580,306,10;
570378,37001076,-85998500,6580,306,10;571379,37001260,-85998809,6640,306,10;572380,37001444,-85999119,6640,306,10;
573381,37001627,-85999430,6640,306,10;574382,37001808,-85999743,6690,306,10;575383,37001991,-86000056,6640,306,10;
576383,37002177,-86000371,6640,306,10;577384,37002353,-86000670,6530,306,10;578386,37002531,-86000973,6470,306,10;
579387,37002707,-86001276,6420,306,10;580387,37002883,-86001576,6260,306,10;581389,37003059,-86001877,6470,305,10;
582389,37003235,-86002175,6260,307,10;583393,37003409,-86002471,6310,307,10;584392,37003583,-86002767,6310,306,10;
585394,37003756,-86003065,6310,306,10;586392,37003930,-86003360,6310,306,10;587394,37004104,-86003656,6310,306,10;
588394,37004278,-86003951,6310,306,10;589395,37004452,-86004248,6310,306,10;590395,37004626,-86004543,6310,306,10;
591395,37004800,-86004839,6310,306,10;592395,37004973,-86005136,6310,306,10;593397,37005145,-86005434,6310,306,10;
594398,37005315,-86005734,6310,306,10;595399,37005482,-86006033,6260,305,10;596402,37005647,-86006330,6200,305,10;
597402,37005808,-86006628,6200,304,10;598404,37005968,-86006931,6200,302,10;599404,37006127,-86007236,6260,302,10;
600406,37006286,-86007548,6360,303,10;601406,37006441,-86007860,6310,302,10;602411,37006593,-86008171,6260,301,10;
603409,37006741,-86008483,6260,300,10;604412,37006888,-86008795,6200,300,10;605412,37007032,-86009107,6200,299,10;
606413,37007173,-86009420,6200,299,10;607412,37007310,-86009734,6150,298,10;608412,37007445,-86010050,6150,298,10;
609415,37007577,-86010368,6150,297,10;610413,37007707,-86010688,6150,297,10;611414,37007836,-86011008,6200,296,10;
612414,37007963,-86011331,6200,295,10;613417,37008088,-86011655,6150,295,10;614414,37008211,-86011981,6200,296,10;
615415,37008336,-86012308,6200,296,10;616418,37008460,-86012636,6200,296,10;617422,37008586,-86012964,6260,296,10;
618422,37008711,-86013292,6260,295,10;619419,37008835,-86013621,6260,295,10;620422,37008959,-86013952,6260,295,10;
621423,37009083,-86014282,6260,295,10;622424,37009209,-86014611,6310,295,10;623423,37009335,-86014942,6310,295,10;
624426,37009462,-86015273,6310,295,10;625426,37009589,-86015603,6310,296,10;626425,37009715,-86015935,6310,296,10;
627427,37009839,-86016265,6260,296,10;628426,37009961,-86016593,6260,296,10;629426,37010083,-86016921,6200,295,10;
630428,37010205,-86017246,6200,295,10;631429,37010327,-86017568,6150,295,10;632429,37010448,-86017885,6090,295,10;
633430,37010570,-86018199,5990,295,10;634432,37010691,-86018508,5930,295,10;635434,37010812,-86018814,5880,295,10;
636435,37010930,-86019117,5830,295,10;637435,37011045,-86019421,5770,295,10;638435,37011159,-86019725,5770,295,10;
639438,37011275,-86020035,5830,295,10;640439,37011393,-86020351,5990,296,10;641439,37011513,-86020679,6150,296,10;
642440,37011634,-86021016,6310,296,10;643439,37011757,-86021359,6420,296,10;644440,37011885,-86021705,6580,296,10;
645442,37012016,-86022055,6640,296,10;646443,37012151,-86022410,6740,296,10;647443,37012294,-86022766,6850,297,10;
648443,37012445,-86023124,6910,298,10;649445,37012601,-86023473,6910,299,10;650446,37012756,-86023821,6850,299,10;
651449,37012911,-86024165,6800,299,10;652448,37013070,-86024510,6800,300,10;653451,37013233,-86024851,6850,301,10;
654450,37013395,-86025188,6740,302,10;655452,37013557,-86025522,6740,303,10;656454,37013719,-86025853,6690,303,10;
657455,37013885,-86026179,6640,303,10;658456,37014053,-86026500,6640,304,10;659459,37014227,-86026816,6580,303,10;
660459,37014401,-86027131,6580,306,10;661459,37014576,-86027445,6580,306,10;662460,37014753,-86027755,6530,306,10;
663356,37014753,-86027755,6568,306,10;663460,37014933,-86028061,6530,306,10;664460,37015116,-86028366,6530,307,10;
665461,37015300,-86028669,6530,307,10;666462,37015487,-86028970,6530,307,10;667464,37015677,-86029268,6580,309,10;
668465,37015869,-86029564,6580,309,10;669467,37016064,-86029859,6580,310,10;670467,37016261,-86030151,6580,311,10;
671468,37016461,-86030441,6580,311,10;672469,37016665,-86030728,6580,312,10;673470,37016870,-86031014,6640,312,10;
674471,37017077,-86031302,6640,312,10;675472,37017284,-86031592,6690,312,10;676473,37017490,-86031883,6690,312,10;
677475,37017699,-86032175,6690,312,10;678478,37017907,-86032464,6740,312,10;679481,37018117,-86032753,6740,312,10;
680478,37018328,-86033044,6740,312,10;681480,37018538,-86033336,6740,312,10;682481,37018724,-86033593,6800,312,10;
683479,37018961,-86033922,6800,312,10;684480,37019152,-86034186,6800,312,10;685482,37019386,-86034509,6800,312,10;
686485,37019573,-86034768,6800,312,10;687483,37019812,-86035101,6850,312,10;688485,37020026,-86035400,6850,312,10;
689486,37020215,-86035661,6910,312,10;690487,37020430,-86035961,6910,312,10;691488,37020645,-86036259,6910,312,10;
692488,37020860,-86036556,6910,312,10;693486,37021074,-86036853,6910,312,10;694488,37021286,-86037151,6850,312,10;
695489,37021498,-86037448,6850,312,10;696488,37021711,-86037745,6850,312,10;697489,37021923,-86038042,6800,312,10;
698489,37022136,-86038338,6850,312,10;699489,37022347,-86038633,6800,312,10;700490,37022558,-86038928,6800,312,10;
701490,37022771,-86039220,6800,311,10;702489,37023004,-86039543,6800,312,10;703489,37023220,-86039845,6800,312,10;
704491,37023431,-86040140,6800,312,10;705493,37023641,-86040436,6800,312,10;706490,37023826,-86040694,6800,312,10;
707490,37024038,-86040985,6800,312,10;708491,37024248,-86041276,6640,312,10;709495,37024459,-86041566,6850,312,10;
710492,37024671,-86041857,6740,312,10;711495,37024902,-86042175,6580,312,10;712495,37025113,-86042465,6800,312,10;
713494,37025322,-86042757,6640,312,10;714495,37025528,-86043050,6690,312,10;715495,37025734,-86043345,6740,312,10;
716496,37025944,-86043638,6740,312,10;717496,37026152,-86043930,6690,312,10;718497,37026362,-86044221,6740,312,10;
719499,37026572,-86044510,6740,312,10;720499,37026782,-86044801,6740,312,10;721500,37026992,-86045091,6740,312,10;
722503,37027201,-86045384,6740,312,10;723503,37027410,-86045676,6740,312,10;724510,37027619,-86045968,6740,312,10;
725507,37027828,-86046259,6740,312,10;726511,37028037,-86046551,6740,312,10;727510,37028247,-86046842,6740,312,10;
728512,37028457,-86047134,6740,312,10;729512,37028666,-86047427,6740,312,10;730511,37028895,-86047750,6740,312,10;
731512,37029084,-86048011,6740,312,10;732511,37029315,-86048333,6740,312,10;733511,37029505,-86048595,6740,312,10;
734512,37029735,-86048918,6740,312,10;735513,37029946,-86049209,6800,312,10;736513,37030135,-86049473,6740,312,10;
737512,37030346,-86049765,6740,312,10;738516,37030577,-86050083,6740,312,10;739515,37030766,-86050345,6740,312,10;
740515,37030976,-86050637,6740,312,10;741515,37031186,-86050930,6740,311,10;742515,37031416,-86051251,6740,312,10;
743516,37031607,-86051514,6740,312,10;744516,37031818,-86051805,6740,311,10;745516,37032028,-86052096,6740,311,10;
746517,37032238,-86052387,6740,311,10;747517,37032447,-86052680,6740,312,10;748519,37032655,-86052975,6740,312,10;
749517,37032865,-86053266,6740,312,10;750518,37033075,-86053559,6740,312,10;751518,37033286,-86053851,6740,312,10;
752518,37033496,-86054142,6740,312,10;753520,37033685,-86054405,6740,312,10;754519,37033916,-86054725,6740,312,10;
755522,37034126,-86055019,6740,312,10;756535,37034336,-86055311,6740,312,10;757518,37034546,-86055601,6740,311,10;
758520,37034755,-86055893,6690,312,10;759521,37034964,-86056184,6740,313,10;760523,37035172,-86056476,6740,312,10;
761523,37035380,-86056767,6690,311,10;762523,37035591,-86057056,6690,312,10;763523,37035801,-86057346,6740,312,10;
764524,37036009,-86057637,6740,313,10;765527,37036219,-86057928,6740,312,10;766526,37036429,-86058220,6740,312,10;
767526,37036639,-86058511,6740,312,10;768525,37036848,-86058802,6740,312,10;769526,37037058,-86059093,6740,312,10;
770526,37037268,-86059384,6690,312,10;771527,37037479,-86059674,6740,313,10;772527,37037688,-86059966,6740,312,10;
773530,37037897,-86060259,6690,311,10;774530,37038106,-86060552,6740,311,10;775530,37038314,-86060847,6740,311,10;
776530,37038520,-86061141,6740,311,10;777532,37038726,-86061436,6740,311,10;778531,37038933,-86061731,6740,311,10;
779531,37039139,-86062026,6740,311,10;780534,37039344,-86062325,6740,310,10;781533,37039546,-86062625,6740,310,10;
782535,37039746,-86062928,6740,310,10;783535,37039944,-86063234,6740,309,10;784535,37040139,-86063543,6740,308,10;
785536,37040333,-86063853,6740,307,10;786537,37040523,-86064166,6740,307,10;787539,37040713,-86064480,6740,306,10;
788540,37040901,-86064796,6740,306,10;789540,37041086,-86065115,6800,306,10;790540,37041270,-86065436,6740,306,10;
791542,37041451,-86065757,6740,305,10;792543,37041631,-86066080,6740,304,10;793547,37041808,-86066406,6800,303,10;
794546,37041983,-86066734,6740,304,10;795547,37042157,-86067061,6740,304,10;796547,37042328,-86067390,6740,303,10;
797547,37042497,-86067719,6740,303,10;798549,37042663,-86068052,6740,301,10;799550,37042827,-86068386,6740,301,10;
800551,37042990,-86068721,6690,302,10;801552,37043148,-86069058,6740,301,10;802553,37043305,-86069395,6740,300,10;
803553,37043460,-86069734,6690,299,10;804557,37043615,-86070075,6740,299,10;805557,37043770,-86070415,6690,299,10;
806558,37043923,-86070755,6740,298,10;807558,37044069,-86071102,6740,298,10;808557,37044211,-86071451,6740,297,10;
809559,37044351,-86071801,6740,296,10;810558,37044489,-86072152,6740,296,10;811559,37044624,-86072505,6740,296,10;
812560,37044757,-86072860,6740,295,10;813561,37044889,-86073214,6740,294,10;814562,37045021,-86073569,6740,295,10;
815564,37045150,-86073926,6740,294,10;816563,37045277,-86074286,6740,293,10;817564,37045402,-86074646,6690,293,10;
818564,37045523,-86075006,6740,292,10;819564,37045642,-86075370,6740,292,10;820565,37045758,-86075733,6740,291,10;
821565,37045873,-86076096,6740,291,10;822566,37045984,-86076461,6740,291,10;823567,37046092,-86076828,6690,290,10;
824569,37046199,-86077195,6690,290,10;825570,37046305,-86077563,6740,290,10;826571,37046409,-86077932,6740,289,10;
827572,37046510,-86078304,6740,289,10;828574,37046609,-86078676,6740,288,10;829574,37046705,-86079051,6740,288,10;
830576,37046798,-86079425,6740,288,10;831578,37046891,-86079800,6740,287,10;832578,37046982,-86080176,6740,287,10;
833577,37047075,-86080552,6740,288,10;834581,37047165,-86080928,6740,287,10;835581,37047257,-86081304,6740,287,10;
836581,37047349,-86081680,6740,287,10;837581,37047440,-86082056,6740,287,10;838582,37047531,-86082433,6800,287,10;
839583,37047622,-86082809,6740,287,10;840583,37047713,-86083185,6740,287,10;841583,37047805,-86083561,6740,287,10;
842586,37047899,-86083938,6740,287,10;843586,37047991,-86084313,6740,287,10;844587,37048081,-86084687,6740,287,10;
845588,37048170,-86085064,6740,287,10;846589,37048259,-86085441,6740,287,10;847590,37048350,-86085815,6740,287,10;
848590,37048441,-86086191,6740,287,10;849590,37048533,-86086565,6740,287,10;850592,37048622,-86086931,6580,287,10;
851593,37048711,-86087308,6850,287,10;852593,37048802,-86087684,6800,287,10;853595,37048896,-86088068,6740,287,10;
854595,37048986,-86088435,6640,287,10;855597,37049078,-86088810,6740,287,10;856598,37049172,-86089186,6800,287,10;
857598,37049268,-86089561,6740,287,10;858599,37049361,-86089936,6740,287,10;859601,37049450,-86090313,6740,287,10;
860600,37049539,-86090690,6740,287,10;861602,37049629,-86091065,6740,287,10;862605,37049721,-86091436,6740,287,10;
863603,37049816,-86091810,6740,287,10;864605,37049911,-86092183,6740,287,10;865606,37050003,-86092556,6690,287,10;
866607,37050093,-86092930,6690,287,10;867608,37050181,-86093305,6690,287,10;868609,37050269,-86093680,6690,287,10;
869610,37050360,-86094054,6740,287,10;870611,37050451,-86094426,6690,287,10;871613,37050547,-86094800,6740,288,10;
872614,37050646,-86095173,6740,288,10;873614,37050748,-86095543,6740,289,10;874615,37050853,-86095912,6740,290,10;
875615,37050960,-86096280,6740,290,10;876617,37051071,-86096646,6740,290,10;877618,37051185,-86097011,6740,291,10;
878618,37051301,-86097375,6740,292,10;879619,37051422,-86097735,6740,292,10;880620,37051548,-86098094,6740,293,10;
881622,37051678,-86098452,6740,293,10;882621,37051811,-86098807,6740,294,10;883622,37051947,-86099161,6740,295,10;
884622,37052083,-86099512,6740,296,10;885623,37052220,-86099864,6740,296,10;886624,37052359,-86100215,6740,296,10;
887625,37052501,-86100565,6740,297,10;888626,37052647,-86100911,6740,298,10;889627,37052795,-86101258,6740,298,10;
890626,37052946,-86101602,6740,298,10;891628,37053101,-86101944,6740,299,10;892628,37053259,-86102285,6740,300,10;
893629,37053418,-86102624,6740,301,10;894631,37053580,-86102961,6740,301,10;895631,37053746,-86103296,6740,302,10;
896632,37053913,-86103630,6740,302,10;897632,37054082,-86103963,6740,302,10;898633,37054252,-86104295,6740,304,10;
899635,37054421,-86104628,6800,304,10;900635,37054591,-86104960,6740,304,10;901636,37054762,-86105288,6740,305,10;
902636,37054941,-86105611,6740,305,10;903636,37055121,-86105934,6740,305,10;904637,37055302,-86106255,6740,305,10;
905638,37055481,-86106577,6740,305,10;906639,37055662,-86106897,6740,305,10;907638,37055844,-86107216,6740,305,10;
908641,37056026,-86107534,6740,305,10;909640,37056208,-86107853,6690,305,10;910644,37056390,-86108172,6740,305,10;
911644,37056571,-86108491,6740,305,10;912643,37056751,-86108810,6690,305,10;913645,37056932,-86109130,6740,305,10;
914647,37057114,-86109449,6740,305,10;915645,37057295,-86109769,6690,305,10;916647,37057477,-86110090,6740,305,10;
917647,37057658,-86110410,6740,305,10;918648,37057839,-86110731,6740,305,10;919650,37058018,-86111054,6740,304,10;
920651,37058187,-86111383,6740,301,10;921655,37058350,-86111720,6740,301,10;922654,37058502,-86112063,6740,299,10;
923655,37058644,-86112414,6740,296,10;924656,37058774,-86112773,6800,293,10;925657,37058890,-86113137,6740,292,10;
926656,37058998,-86113508,6740,289,10;927657,37059095,-86113882,6800,287,10;928658,37059178,-86114261,6740,284,10;
929658,37059240,-86114646,6740,279,10;930659,37059268,-86115036,6740,272,10;931659,37059260,-86115426,6740,266,10;
932659,37059221,-86115814,6740,261,10;933661,37059150,-86116195,6740,254,10;934662,37059051,-86116566,6740,250,10;
935663,37058924,-86116923,6740,244,10;936664,37058771,-86117264,6740,236,10;937666,37058593,-86117584,6690,233,10;
938668,37058395,-86117885,6690,229,10;939668,37058183,-86118173,6690,226,10;940670,37057967,-86118457,6740,226,10;
941671,37057752,-86118740,6740,226,10;942670,37057538,-86119025,6690,226,10;943670,37057325,-86119311,6740,226,10;
944670,37057115,-86119601,6740,230,10;945696,37056926,-86119912,6690,233,10;946670,37056761,-86120245,6740,241,10;
947670,37056633,-86120601,6740,251,10;948671,37056546,-86120976,6740,254,10;949671,37056498,-86121363,6740,263,10;
951670,37056444,-86122146,6740,265,10;952671,37056423,-86122540,6800,265,10;953673,37056401,-86122932,6740,258,10;
954674,37056376,-86123323,6740,266,10;955675,37056321,-86124104,6740,267,10;956673,37056297,-86124494,6740,266,10;
957673,37056271,-86124884,6740,265,10;958673,37056237,-86125273,6740,265,10;959674,37056198,-86125662,6740,263,10;
960673,37056149,-86126049,6740,261,10;961673,37056094,-86126436,6740,260,10;963672,37056035,-86126821,6740,260,10;
964672,37055898,-86127583,6690,256,10;965673,37055820,-86127960,6690,254,10;966675,37055735,-86128336,6690,253,10;
967675,37055640,-86128710,6740,252,10;968675,37055541,-86129081,6740,252,10;969676,37055442,-86129453,6740,252,10;
970677,37055343,-86129825,6740,252,10;971676,37055244,-86130197,6740,252,10;972675,37055141,-86130568,6740,252,10;
973675,37055037,-86130938,6740,252,10;974676,37054933,-86131308,6740,252,10;975676,37054830,-86131678,6740,252,10;
976677,37054727,-86132050,6740,252,10;977677,37054625,-86132422,6740,252,10;978677,37054525,-86132795,6740,252,10;
979678,37054424,-86133168,6740,252,10;980679,37054324,-86133541,6740,252,10;981679,37054224,-86133913,6740,252,10;
982683,37054125,-86134287,6740,252,10;983684,37054025,-86134661,6800,252,10;984684,37053926,-86135034,6800,251,10;
985683,37053828,-86135407,6740,251,10;986683,37053728,-86135780,6740,251,10;987684,37053627,-86136152,6800,251,10;
988683,37053526,-86136525,6740,251,10;989685,37053420,-86136896,6740,250,10;990683,37053311,-86137264,6740,250,10;
991683,37053197,-86137630,6740,248,10;992683,37053079,-86137996,6740,247,10;993684,37052959,-86138358,6740,247,10;
994684,37052837,-86138720,6740,247,10;995683,37052715,-86139082,6740,247,10;996684,37052590,-86139440,6740,247,10;
997685,37052468,-86139791,6740,247,10;998685,37052345,-86140151,6580,246,10;999685,37052221,-86140511,6740,246,10;
1000685,37052096,-86140873,6740,246,10;1001685,37051973,-86141233,6740,246,10;1002685,37051849,-86141593,6740,246,10;
1003687,37051723,-86141953,6740,247,10;1004688,37051597,-86142312,6740,247,10;1005690,37051470,-86142671,6740,247,10;
1006689,37051344,-86143031,6740,247,10;1007692,37051220,-86143391,6740,247,10;1008691,37051096,-86143750,6740,247,10;
1009693,37050971,-86144110,6740,247,10;1010692,37050847,-86144469,6740,247,10;1011692,37050722,-86144828,6740,246,10;
1012693,37050597,-86145187,6740,247,10;1013693,37050474,-86145548,6740,247,10;1014694,37050350,-86145906,6740,247,10;
1015694,37050225,-86146265,6740,247,10;1016696,37050100,-86146623,6690,247,10;1017695,37049974,-86146982,6740,247,10;
1018695,37049849,-86147341,6740,247,10;1019696,37049725,-86147700,6740,246,10;1020698,37049600,-86148059,6740,246,10;
1021698,37049475,-86148419,6740,247,10;1022697,37049351,-86148778,6740,247,10;1023696,37049228,-86149137,6740,247,10;
1024698,37049106,-86149498,6740,247,10;1025699,37048983,-86149858,6740,247,10;1026699,37048861,-86150219,6740,247,10;
1027699,37048739,-86150580,6740,247,10;1028701,37048617,-86150941,6740,247,10;1029699,37048494,-86151302,6740,247,10;
1030701,37048372,-86151663,6740,248,10;1031701,37048254,-86152027,6740,249,10;1032700,37048138,-86152391,6740,249,10;
1033701,37048026,-86152758,6740,250,10;1034701,37047917,-86153126,6740,251,10;1035702,37047813,-86153497,6740,251,10;
1036702,37047713,-86153870,6740,251,10;1037702,37047617,-86154246,6740,252,10;1038703,37047523,-86154620,6740,253,10;
1039703,37047430,-86154996,6740,253,10;1040701,37047337,-86155373,6740,253,10;1041702,37047246,-86155750,6740,253,10;
1042703,37047156,-86156127,6740,254,10;1043703,37047065,-86156504,6740,254,10;1044703,37046975,-86156881,6740,254,10;
1045704,37046884,-86157256,6740,254,10;1046704,37046793,-86157632,6740,254,10;1047705,37046704,-86158008,6740,254,10;
1048704,37046614,-86158385,6740,253,10;1049704,37046522,-86158760,6740,253,10;1050704,37046428,-86159136,6740,254,10;
1051704,37046334,-86159510,6740,254,10;1052704,37046241,-86159885,6740,253,10;1053706,37046149,-86160260,6740,253,10;
1054707,37046060,-86160638,6740,254,10;1055708,37045970,-86161014,6740,254,10;1056708,37045878,-86161388,6740,254,10;
1057710,37045786,-86161765,6740,254,10;1058709,37045695,-86162141,6740,254,10;1059709,37045606,-86162517,6740,253,10;
1060709,37045517,-86162893,6740,253,10;1061708,37045429,-86163268,6740,254,10;1062709,37045340,-86163643,6740,253,10;
1063709,37045250,-86164019,6740,253,10;1064709,37045159,-86164399,6800,253,10;1065708,37045069,-86164778,6800,254,10;
1066711,37044979,-86165158,6800,254,10;1067710,37044888,-86165540,6850,254,10;1068710,37044797,-86165923,6910,254,10;
1069710,37044706,-86166308,6910,254,10;1070710,37044615,-86166692,6910,254,10;1071711,37044525,-86167077,6910,254,10;
1072711,37044432,-86167463,6910,254,10;1073713,37044339,-86167848,6960,254,10;1074712,37044246,-86168234,6960,254,10;
1075713,37044155,-86168620,6960,254,10;1076715,37044063,-86169009,6960,254,10;1077715,37043971,-86169396,6960,254,10;
1078718,37043880,-86169783,6960,254,10;1079716,37043788,-86170171,6960,254,10;1080718,37043696,-86170559,6960,254,10;
1081719,37043605,-86170949,6960,254,10;1082717,37043513,-86171340,6960,254,10;1083717,37043421,-86171730,7010,254,10;
1084717,37043329,-86172120,7010,254,10;1085718,37043237,-86172511,7010,254,10;1086719,37043146,-86172901,6960,254,10;
1087719,37043052,-86173291,7010,254,10;1088717,37042958,-86173683,7070,254,10;1089720,37042864,-86174073,7010,254,10;
1090720,37042771,-86174463,7010,254,10;1091720,37042678,-86174854,7010,254,10;1092721,37042586,-86175246,7010,254,10;
1093722,37042496,-86175638,7010,254,10;1094722,37042406,-86176031,7070,254,10;1095722,37042315,-86176425,7010,254,10;
1096723,37042224,-86176817,7010,254,10;1097723,37042134,-86177209,7010,254,10;1098724,37042048,-86177603,7010,255,10;
1099724,37041965,-86177996,7010,256,10;1100725,37041885,-86178391,7010,257,10;1101725,37041810,-86178786,7010,257,10;
1102725,37041739,-86179184,7010,257,10;1103726,37041673,-86179583,7010,258,10;1104726,37041608,-86179981,7010,259,10;
1105728,37041546,-86180381,7010,260,10;1106727,37041487,-86180782,7010,260,10;1107727,37041432,-86181183,7010,260,10;
1111727,37041248,-86182790,6960,263,10;1112727,37041211,-86183195,7010,264,10;1113727,37041179,-86183600,7010,264,10;
1114727,37041152,-86184005,7010,265,10;1115728,37041125,-86184410,7010,265,10;1116728,37041099,-86184817,7010,266,10;
1117727,37041076,-86185223,7010,266,10;1118731,37041056,-86185630,7010,267,10;1119732,37041043,-86186042,7070,267,10;
1120731,37041035,-86186465,7230,268,10;1121729,37041032,-86186901,7500,269,10;1122729,37041030,-86187352,7720,270,10;
1123729,37041029,-86187815,7930,270,10;1124728,37041030,-86188278,7990,271,10;1125728,37041037,-86188739,7930,272,10;
1126729,37041048,-86189195,7880,273,10;1127732,37041066,-86189648,7820,273,10;1128732,37041088,-86190098,7770,273,10;
1129731,37041113,-86190545,7660,274,10;1130732,37041136,-86190988,7660,274,10;1131733,37041159,-86191430,7610,274,10;
1132734,37041180,-86191868,7550,274,10;1133733,37041201,-86192300,7450,274,10;1134733,37041223,-86192725,7340,274,10;
1135735,37041246,-86193148,7280,274,10;1136735,37041269,-86193576,7340,274,10;1137735,37041291,-86193996,7390,274,10;
1138735,37041315,-86194426,7340,274,10;1139736,37041338,-86194841,7180,274,10;1140735,37041361,-86195261,7230,274,10;
1141736,37041383,-86195685,7390,274,10;1142735,37041405,-86196133,7550,274,10;1143736,37041428,-86196597,7930,274,10;
1144737,37041453,-86197080,8260,274,10;1145737,37041478,-86197576,8520,274,10;1146737,37041503,-86198081,8690,274,10;
1147737,37041530,-86198578,8630,274,10;1148737,37041559,-86199067,8470,274,10;1149738,37041591,-86199550,8360,274,10;
1150738,37041626,-86200026,8260,274,10;1151739,37041660,-86200492,8090,274,10;1152738,37041691,-86200953,7990,274,10;
1153739,37041723,-86201407,7880,274,10;1154740,37041754,-86201853,7720,274,10;1155741,37041783,-86202294,7610,274,10;
1156740,37041811,-86202728,7500,274,10;1157741,37041836,-86203158,7450,274,10;1158742,37041859,-86203583,7340,274,10;
1159742,37041882,-86204004,7230,274,10;1160743,37041905,-86204418,7180,274,10;1161743,37041935,-86204829,7120,274,10;
1162745,37041972,-86205235,7010,274,10;1163745,37042016,-86205633,6960,278,10;1164745,37042063,-86206027,6910,278,10;
1165745,37042110,-86206417,6800,278,10;1166745,37042161,-86206801,6740,280,10;1167745,37042228,-86207176,6640,285,10;
1168746,37042312,-86207532,6470,288,10;1169746,37042396,-86207838,5720,289,10;1170745,37042467,-86208092,4800,288,10;
1171744,37042523,-86208304,3940,288,10;1172747,37042571,-86208494,3500,287,10;1173744,37042613,-86208664,3070,287,10;
1174748,37042651,-86208818,2800,288,10;1175745,37042684,-86208950,2420,288,10;1176746,37042708,-86209050,1880,287,10;
1177746,37042725,-86209117,1290,287,10;1178746,37042735,-86209154,750,287,10;1179746,37042737,-86209163,210,287,10;
1180747,37042738,-86209166,50,287,10;1181748,37042738,-86209166,0,287,10;1182748,37042738,-86209166,0,287,10;
1183748,37042738,-86209166,0,287,10;1184751,37042738,-86209166,0,287,10;1185784,37042738,-86209166,0,287,10;
1186752,37042738,-86209166,0,287,10;1187751,37042738,-86209166,0,287,10;1188751,37042738,-86209166,0,287,10;
1189751,37042738,-86209166,0,287,10;1190751,37042738,-86209166,0,287,10;1191752,37042738,-86209166,0,287,10;
1192752,37042738,-86209166,0,287,10;1193752,37042738,-86209166,0,287,10;1194753,37042738,-86209166,0,287,10;
1195753,37042738,-86209166,0,287,10;1196755,37042738,-86209166,0,287,10;1197754,37042738,-86209166,0,287,10;
1198754,37042738,-86209166,0,287,10;1199753,37042738,-86209166,0,287,10;1200754,37042738,-86209166,0,287,10;
1201758,37042738,-86209166,0,287,10;1202756,37042738,-86209168,0,287,10;1203755,37042741,-86209177,100,287,10;
1204757,37042747,-86209201,320,287,10;1205757,37042756,-86209238,590,287,10;1206758,37042768,-86209286,800,285,10;
1207759,37042785,-86209351,1070,285,10;1208758,37042805,-86209428,1340,285,10;1209758,37042826,-86209515,1450,285,10;
1210759,37042833,-86209598,1450,270,10;1211759,37042822,-86209676,1340,266,10;1212759,37042812,-86209742,1290,232,10;
1213758,37042737,-86209792,1400,216,10;1214762,37042667,-86209829,1560,184,10;1215765,37042580,-86209851,1830,183,10;
1216760,37042479,-86209863,2050,183,10;1217761,37042371,-86209872,2260,184,10;1218761,37042265,-86209878,2260,184,10;
1219763,37042164,-86209884,2150,184,10;1220765,37042064,-86209889,2100,184,10;1221766,37041959,-86209895,2210,184,10;
1222767,37041847,-86209903,2370,183,10;1223767,37041725,-86209913,2530,183,10;1224769,37041599,-86209924,2690,183,10;
1225769,37041473,-86209936,2690,185,10;1226769,37041345,-86209952,2750,187,10;1227769,37041212,-86209971,2800,187,10;
1228769,37041074,-86209996,2960,190,10;1229770,37040934,-86210035,3070,193,10;1230770,37040796,-86210090,3070,194,10;
1231773,37040661,-86210157,3130,206,10;1232773,37040533,-86210230,3020,210,10;1233775,37040417,-86210301,2800,200,10;
1234774,37040318,-86210370,2480,211,10;1235773,37040241,-86210450,2150,222,10;1236774,37040179,-86210542,2050,232,10;
1237774,37040136,-86210638,1940,244,10;1238773,37040112,-86210721,1560,252,10;1239774,37040101,-86210785,1180,260,10;
1240776,37040098,-86210841,970,268,10;1241776,37040102,-86210895,910,276,10;1242776,37040111,-86210946,860,286,10;
1243776,37040127,-86210995,860,294,10;1244776,37040150,-86211035,860,309,10;1245776,37040178,-86211061,750,327,10;
1246776,37040209,-86211074,700,342,10;1247777,37040239,-86211077,640,349,10;1248776,37040274,-86211100,700,353,10;
1249777,37040314,-86211106,860,353,10;1250777,37040353,-86211112,800,353,10;1251776,37040390,-86211101,750,353,10;
1252777,37040421,-86211131,700,353,10;1253776,37040482,-86211146,700,291,10;1254777,37040499,-86211200,910,291,10;
1255778,37040522,-86211274,1290,291,10;1256777,37040552,-86211370,1670,291,10;1257779,37040591,-86211481,1990,294,10;
1258777,37040631,-86211591,2050,294,10;1259779,37040669,-86211698,1990,294,10;1260778,37040706,-86211801,1940,294,10;
1261782,37040741,-86211898,1880,294,10;1262781,37040768,-86211993,1720,294,10;1263781,37040810,-86212068,1610,294,10;
1264782,37040825,-86212134,1240,294,10;1265783,37040843,-86212183,970,294,10;1266784,37040857,-86212224,800,294,10;
1267786,37040871,-86212262,640,294,10;1268785,37040884,-86212299,640,294,10;1269790,37040898,-86212339,700,294,10;
1270787,37040914,-86212383,800,294,10;1271786,37040928,-86212422,750,294,10;1272788,37040943,-86212449,530,294,10;
1273787,37040947,-86212468,320,294,10;1274791,37040950,-86212483,260,294,10;1275791,37040952,-86212493,160,294,10;
1276792,37040955,-86212506,210,294,10;1277792,37040960,-86212527,260,294,10;1278793,37040965,-86212551,430,294,10;
1279793,37040970,-86212571,320,294,10;1280793,37040975,-86212592,320,294,10;1281794,37040996,-86212613,430,294,10;
1282793,37041001,-86212629,320,294,10;1283795,37041003,-86212634,100,294,10;1284794,37041003,-86212634,0,294,10;
1285795,37041003,-86212634,0,294,10;1286796,37041003,-86212634,0,294,10;1287798,37041003,-86212634,0,294,10;
1288798,37041007,-86212644,50,294,10;1289801,37041020,-86212681,590,294,10;1290800,37041034,-86212719,750,294,10;
1291801,37041047,-86212755,640,294,10;1292801,37041059,-86212791,640,294,10;1293802,37041071,-86212823,640,262,10;
1294803,37041072,-86212850,640,244,10;1295803,37041074,-86212860,430,228,10;1296804,37041074,-86212862,100,222,10;
1297804,37041083,-86212858,0,294,10;1298803,37041074,-86212865,100,212,10;1299803,37041074,-86212866,160,206,10;
1300805,37041084,-86212859,50,294,10;1301805,37041084,-86212859,0,294,10;1302805,37041084,-86212859,0,294,10;
1303806,37041084,-86212859,0,294,10;1304808,37041084,-86212859,0,294,10;1305808,37041084,-86212859,0,294,10;
1306808,37041084,-86212859,0,294,10;1313811,37041084,-86212859,0,294,10;1314810,37041084,-86212859,0,294,10;
