# Rådata, tur 828d8cbc-9bc8-431f-8b08-5b19b4510852 (Tom, bil, 12 NM-turen, 2026-09-11 00:47–01:06 UTC)
# Exporterad ur gps_points 2026-09-11. 1081 fixar, alla med rådata. T0 = 2026-09-11 00:47:53.534+00
# Kolumner: ms_sedan_start,raw_lat*1e6,raw_lng*1e6,enhetsfart_kn*100,kurs_grader,accuracy_m ; radskiljare ';'
# Sparat i databasen: distance 12.41 NM (summa utjämnade positioner, före beslutet 11/9), average 41.1, max 71.2, duration_seconds 1081.
# Facit mot bil: bilens Trip 2 fotades 50–110 s efter spara i 54–82 mph (16,4 mi) — ogiltigt som facit. Skärm på hela turen: 1 Hz, ingen lucka > 5 s.
0,37095727,-86277255,0,58,10;1000,37095727,-86277255,0,58,10;2001,37095727,-86277255,0,58,10;
3001,37095727,-86277255,0,58,10;4129,37095727,-86277255,0,58,10;5002,37095727,-86277255,0,58,10;
6003,37095727,-86277255,0,58,10;7027,37095727,-86277255,0,58,10;8004,37095730,-86277249,0,58,10;
8466,37095730,-86277249,0,56,10;9003,37095738,-86277235,100,57,10;10007,37095753,-86277208,260,55,10;
11005,37095774,-86277171,530,54,10;12005,37095799,-86277126,750,54,10;13009,37095810,-86277041,910,56,10;
14010,37095847,-86276971,1180,56,10;15011,37095891,-86276890,1400,56,10;16013,37095941,-86276797,1670,56,10;
17015,37095996,-86276692,1880,57,10;18012,37096059,-86276574,2150,57,10;19016,37096124,-86276451,2320,57,10;
20016,37096193,-86276319,2530,57,10;21020,37096266,-86276181,2640,57,10;22020,37096340,-86276041,2800,57,10;
23018,37096415,-86275899,2860,57,10;24020,37096489,-86275755,2910,57,10;25021,37096565,-86275607,2910,57,10;
26021,37096642,-86275457,2960,57,10;27022,37096721,-86275304,3020,57,10;28027,37096803,-86275148,3130,57,10;
29024,37096887,-86274997,3130,55,10;30025,37096969,-86274850,3130,55,10;31025,37097045,-86274710,3020,57,10;
32026,37097113,-86274578,2910,57,10;33027,37097178,-86274453,2690,57,10;34028,37097240,-86274329,2530,58,10;
35029,37097305,-86274201,2480,58,10;36030,37097375,-86274062,2530,58,10;37028,37097447,-86273906,2800,60,10;
38031,37097519,-86273737,3070,62,10;39029,37097592,-86273564,3290,62,10;40029,37097664,-86273394,3290,62,10;
41029,37097736,-86273224,3290,62,10;42030,37097808,-86273056,3230,62,10;43029,37097876,-86272886,3230,63,10;
44029,37097944,-86272715,3230,64,10;45029,37098011,-86272546,3230,64,10;46029,37098078,-86272379,3180,63,10;
47031,37098142,-86272214,3180,64,10;48033,37098203,-86272051,3130,66,10;49038,37098260,-86271889,3070,68,10;
50036,37098315,-86271722,3020,68,10;51036,37098368,-86271553,3070,70,10;52038,37098418,-86271380,3070,72,10;
53039,37098464,-86271201,3130,73,10;54039,37098509,-86271017,3180,73,10;55040,37098571,-86270835,3290,72,10;
56040,37098619,-86270647,3340,72,10;57041,37098669,-86270463,3340,71,10;58039,37098704,-86270278,3290,71,10;
59041,37098755,-86270104,3180,69,10;60041,37098813,-86269938,3130,64,10;61041,37098876,-86269781,3020,62,10;
62041,37098946,-86269628,2960,59,10;63041,37099027,-86269472,2960,57,10;64042,37099113,-86269306,3130,58,10;
65042,37099198,-86269129,3400,59,10;66045,37099286,-86268946,3500,59,10;67043,37099372,-86268764,3610,60,10;
68045,37099457,-86268583,3610,60,10;69044,37099538,-86268398,3560,62,10;70047,37099615,-86268210,3610,63,10;
71047,37099687,-86268027,3610,65,10;72049,37099747,-86267858,3500,67,10;73048,37099791,-86267707,3130,72,10;
74048,37099827,-86267576,2750,79,10;75048,37099811,-86267451,2420,94,10;76047,37099774,-86267335,2150,109,10;
77049,37099716,-86267218,2100,114,10;78048,37099643,-86267095,2320,128,10;79049,37099561,-86266963,2590,130,10;
80050,37099473,-86266825,2800,132,10;81051,37099380,-86266682,2960,129,10;82052,37099284,-86266536,3130,129,10;
83051,37099185,-86266384,3180,130,10;84053,37099086,-86266226,3340,130,10;85053,37098973,-86266082,3400,129,10;
86053,37098877,-86265934,3400,128,10;87054,37098792,-86265800,3180,128,10;88054,37098720,-86265687,2910,128,10;
89054,37098664,-86265594,2420,127,10;90055,37098622,-86265525,1940,127,10;91069,37098593,-86265476,1450,127,10;
92055,37098586,-86265435,1020,131,10;93056,37098564,-86265412,640,131,10;94056,37098535,-86265391,590,131,10;
95056,37098491,-86265373,700,131,10;96058,37098467,-86265326,970,168,10;97058,37098338,-86265371,1340,191,10;
98060,37098232,-86265391,1880,189,10;99061,37098116,-86265411,2260,188,10;100061,37098000,-86265429,2420,186,10;
101062,37097880,-86265445,2480,186,10;102063,37097746,-86265462,2590,186,10;103064,37097598,-86265480,2860,186,10;
104065,37097443,-86265499,3180,186,10;105067,37097289,-86265517,3290,186,10;106068,37097131,-86265537,3290,186,10;
107070,37096981,-86265554,3400,184,10;108071,37096841,-86265566,3180,184,10;109071,37096699,-86265580,2960,184,10;
110073,37096550,-86265594,3020,184,10;111073,37096392,-86265606,3180,184,10;112074,37096227,-86265618,3340,183,10;
113077,37096060,-86265628,3500,183,10;114078,37095895,-86265638,3560,183,10;115078,37095733,-86265648,3500,183,10;
116079,37095577,-86265660,3450,183,10;117078,37095426,-86265671,3340,182,10;118080,37095280,-86265681,3180,182,10;
119082,37095134,-86265690,3130,182,10;120084,37094982,-86265698,3070,183,10;121087,37094823,-86265709,3230,183,10;
122088,37094660,-86265719,3400,183,10;123089,37094494,-86265731,3450,183,10;124090,37094323,-86265744,3500,183,10;
125089,37094147,-86265755,3660,184,10;126091,37093974,-86265770,3720,185,10;127092,37093807,-86265787,3660,185,10;
128094,37093656,-86265806,3560,185,10;129094,37093516,-86265824,3230,187,10;130099,37093372,-86265843,2960,187,10;
131102,37093211,-86265866,3070,187,10;132102,37093040,-86265895,3450,188,10;133103,37092862,-86265926,3660,188,10;
134102,37092681,-86265958,3830,189,10;135105,37092499,-86265995,3880,190,10;136106,37092311,-86266034,3940,190,10;
137106,37092115,-86266077,4040,190,10;138107,37091916,-86266123,4260,191,10;139110,37091719,-86266171,4310,192,10;
140109,37091529,-86266215,4260,192,10;141110,37091355,-86266277,4100,190,10;142111,37091181,-86266314,3830,189,10;
143112,37091009,-86266350,3770,189,10;144111,37090845,-86266395,3720,192,10;145111,37090678,-86266440,3610,192,10;
146112,37090508,-86266485,3610,193,10;147113,37090330,-86266538,3720,193,10;148113,37090144,-86266590,3880,192,10;
149114,37089954,-86266640,4040,192,10;150114,37089758,-86266697,4150,194,10;151114,37089561,-86266755,4310,193,10;
152114,37089367,-86266810,4310,193,10;153115,37089179,-86266861,4260,192,10;154118,37088998,-86266890,4100,193,10;
155122,37088822,-86266940,3880,193,10;156120,37088650,-86267011,3830,193,10;157118,37088475,-86267059,3830,192,10;
158120,37088304,-86267104,3830,192,10;159120,37088125,-86267134,3770,193,10;160121,37087945,-86267188,3830,194,10;
161121,37087760,-86267245,3990,194,10;162122,37087578,-86267301,4040,194,10;163122,37087405,-86267356,3990,194,10;
164124,37087241,-86267408,3830,194,10;165123,37087085,-86267456,3610,194,10;166123,37086926,-86267506,3450,194,10;
167125,37086755,-86267563,3500,194,10;168126,37086566,-86267625,3770,194,10;169126,37086368,-86267688,4150,194,10;
170128,37086171,-86267751,4370,194,10;171129,37085974,-86267813,4370,194,10;172131,37085775,-86267875,4370,194,10;
173131,37085579,-86267938,4370,195,10;174131,37085386,-86268002,4370,195,10;175133,37085196,-86268064,4260,195,10;
176133,37085013,-86268126,4150,196,10;177135,37084835,-86268190,4040,196,10;178134,37084660,-86268257,3990,196,10;
179135,37084491,-86268333,3880,200,10;180135,37084329,-86268421,3830,204,10;181138,37084178,-86268519,3770,209,10;
182137,37084038,-86268626,3610,215,10;183138,37083914,-86268744,3500,219,10;184138,37083803,-86268866,3340,221,10;
185139,37083702,-86268989,3130,225,10;186139,37083606,-86269113,3020,227,10;187142,37083510,-86269239,2960,227,10;
188142,37083416,-86269367,2960,227,10;189142,37083323,-86269498,2960,226,10;190144,37083223,-86269623,3020,226,10;
191144,37083116,-86269733,3020,222,10;192146,37083000,-86269835,2960,214,10;193146,37082875,-86269931,3020,208,10;
194145,37082740,-86270024,3130,208,10;195145,37082611,-86270109,3290,208,10;196145,37082495,-86270184,3130,206,10;
197146,37082391,-86270247,2800,204,10;198147,37082295,-86270293,2480,204,10;199148,37082200,-86270317,2150,197,10;
200148,37082097,-86270312,2050,186,10;201150,37081994,-86270265,2210,170,10;202152,37081881,-86270198,2320,146,10;
202467,37081882,-86270191,3021,137,10;203152,37081796,-86270046,2590,139,10;204155,37081692,-86269894,3020,132,10;
205153,37081588,-86269740,3400,130,10;206155,37081480,-86269596,3450,133,10;207157,37081368,-86269473,3340,145,10;
208156,37081250,-86269384,3180,151,10;209156,37081122,-86269325,2960,162,10;210156,37080981,-86269300,2910,174,10;
211158,37080829,-86269301,3020,182,10;212160,37080661,-86269320,3230,190,10;213159,37080504,-86269373,3560,191,10;
214159,37080307,-86269422,3880,192,10;215160,37080148,-86269474,3880,196,10;216160,37080008,-86269518,3500,201,10;
217161,37079900,-86269601,3130,209,10;218160,37079779,-86269734,2960,229,10;219161,37079669,-86269879,3130,227,10;
220161,37079562,-86270049,3400,227,10;221162,37079436,-86270166,3660,222,10;222162,37079296,-86270339,3660,217,10;
223163,37079151,-86270460,3770,212,10;224163,37078976,-86270586,4040,209,10;225164,37078794,-86270710,4310,208,10;
226167,37078616,-86270831,4420,210,10;227167,37078441,-86270959,4310,211,10;228167,37078272,-86271081,4310,208,10;
229168,37078109,-86271185,4100,206,10;230170,37077949,-86271272,3880,203,10;231171,37077789,-86271338,3660,195,10;
232171,37077640,-86271372,3450,189,10;233170,37077510,-86271383,3020,183,10;234171,37077386,-86271381,2690,178,10;
235171,37077250,-86271367,2590,173,10;236172,37077098,-86271337,2910,169,10;237172,37076938,-86271292,3230,167,10;
238175,37076776,-86271237,3500,165,10;239175,37076617,-86271185,3610,165,10;240176,37076472,-86271137,3400,165,10;
241178,37076336,-86271089,3180,164,10;242177,37076200,-86271039,3070,163,10;243178,37076062,-86270985,3020,162,10;
244178,37075919,-86270928,3070,162,10;245178,37075769,-86270866,3180,162,10;246177,37075612,-86270799,3450,160,10;
247177,37075450,-86270725,3500,160,10;248178,37075282,-86270645,3720,159,10;249179,37075109,-86270557,3830,156,10;
250180,37074936,-86270457,3940,155,10;251180,37074761,-86270350,4040,153,10;252183,37074582,-86270235,4150,153,10;
253183,37074408,-86270122,4210,153,10;254185,37074231,-86270008,4260,153,10;255187,37074063,-86269899,4260,152,10;
256187,37073903,-86269794,4040,152,10;257187,37073747,-86269692,3830,152,10;258187,37073597,-86269593,3720,152,10;
259190,37073448,-86269494,3610,152,10;260189,37073297,-86269394,3610,152,10;261191,37073143,-86269292,3660,152,10;
262191,37072983,-86269185,3720,152,10;263196,37072820,-86269076,3830,152,10;264195,37072653,-86268965,3990,152,10;
265196,37072479,-86268851,4100,152,10;266194,37072304,-86268733,4210,152,10;267195,37072131,-86268617,4260,152,10;
268195,37071962,-86268503,4150,152,10;269197,37071793,-86268391,4100,152,10;270198,37071626,-86268282,4100,152,10;
271198,37071476,-86268154,3990,151,10;272200,37071332,-86268058,3830,152,10;273200,37071198,-86267967,3450,152,10;
274203,37071078,-86267886,3230,152,10;275201,37070971,-86267816,2860,152,10;276202,37070876,-86267754,2530,152,10;
277202,37070803,-86267706,2210,152,10;278203,37070758,-86267676,1670,152,10;279207,37070730,-86267658,1020,152,10;
280207,37070718,-86267650,590,152,10;281207,37070710,-86267645,210,152,10;282207,37070705,-86267642,160,152,10;
283207,37070705,-86267642,100,152,10;284210,37070705,-86267642,0,152,10;285210,37070705,-86267642,0,152,10;
286210,37070705,-86267642,0,152,10;287210,37070705,-86267641,0,152,10;288210,37070694,-86267634,0,152,10;
289212,37070660,-86267632,260,152,10;290213,37070627,-86267610,640,152,10;291214,37070596,-86267590,910,111,10;
292215,37070581,-86267559,1240,90,10;293220,37070682,-86267298,1610,60,10;294218,37070737,-86267173,1990,60,10;
295218,37070803,-86267023,2480,61,10;296219,37070879,-86266848,2960,61,10;297219,37070968,-86266659,3450,61,10;
298223,37071065,-86266455,3770,61,10;299221,37071168,-86266237,4100,61,10;300223,37071274,-86266005,4370,61,10;
301227,37071385,-86265758,4640,61,10;302223,37071500,-86265500,4850,61,10;303224,37071615,-86265239,5070,61,10;
304225,37071729,-86264982,5120,61,10;305226,37071842,-86264729,5020,61,10;306225,37071951,-86264478,4960,62,10;
307227,37072055,-86264228,4910,64,10;308227,37072153,-86263981,4800,64,10;309228,37072250,-86263733,4690,64,10;
310229,37072348,-86263478,4750,64,10;311228,37072446,-86263221,4850,64,10;312230,37072543,-86262967,4850,64,10;
313231,37072641,-86262717,4800,64,10;314234,37072736,-86262470,4750,64,10;315234,37072827,-86262223,4690,65,10;
316234,37072916,-86261971,4640,66,10;317235,37073000,-86261713,4690,68,10;318234,37073077,-86261451,4750,71,10;
319236,37073147,-86261185,4800,72,10;320237,37073213,-86260918,4800,73,10;321236,37073277,-86260651,4750,73,10;
322238,37073341,-86260385,4800,73,10;323239,37073406,-86260121,4750,73,10;324241,37073471,-86259860,4690,73,10;
325242,37073539,-86259599,4690,72,10;326241,37073612,-86259343,4690,70,10;327244,37073690,-86259091,4640,69,10;
328244,37073772,-86258837,4640,67,10;329244,37073859,-86258576,4690,66,10;330244,37073953,-86258309,4850,66,10;
331244,37074053,-86258034,5020,66,10;332245,37074156,-86257754,5180,65,10;333246,37074262,-86257467,5290,65,10;
334247,37074368,-86257177,5450,65,10;335247,37074473,-86256891,5500,65,10;336247,37074577,-86256610,5390,65,10;
337247,37074679,-86256334,5290,65,10;338247,37074780,-86256065,5180,65,10;339247,37074881,-86255797,5070,65,10;
340248,37074983,-86255525,5070,65,10;341248,37075088,-86255248,5120,65,10;342250,37075196,-86254964,5290,66,10;
343251,37075289,-86254664,5390,66,10;344251,37075398,-86254375,5500,64,10;345252,37075521,-86254100,5450,64,10;
346251,37075626,-86253820,5390,65,10;347252,37075730,-86253545,5290,65,10;348252,37075830,-86253275,5180,65,10;
349252,37075912,-86253002,5070,66,10;350254,37076008,-86252736,4960,66,10;351255,37076106,-86252465,5020,66,10;
352256,37076207,-86252189,5120,65,10;353255,37076308,-86251918,5180,65,10;354256,37076408,-86251650,5120,66,10;
355258,37076502,-86251384,5070,66,10;356259,37076595,-86251124,4960,66,10;357261,37076686,-86250870,4910,65,10;
358262,37076777,-86250621,4750,65,10;359263,37076868,-86250376,4690,65,10;360265,37076958,-86250133,4640,65,10;
361263,37077047,-86249889,4580,65,10;362264,37077136,-86249644,4580,65,10;363265,37077226,-86249398,4640,65,10;
364266,37077316,-86249152,4640,65,10;365266,37077405,-86248910,4640,65,10;366267,37077494,-86248669,4580,65,10;
367267,37077582,-86248429,4420,65,10;368269,37077669,-86248192,4580,65,10;369269,37077754,-86247963,4480,65,10;
370270,37077837,-86247737,4310,65,10;371270,37077919,-86247517,4260,65,10;372274,37077999,-86247299,4150,65,10;
373273,37078080,-86247085,4100,65,10;374275,37078160,-86246872,4040,65,10;375274,37078242,-86246655,4040,65,10;
376274,37078325,-86246437,4100,65,10;377276,37078414,-86246199,4260,65,10;378274,37078503,-86245958,4420,65,10;
379276,37078593,-86245715,4580,65,10;380277,37078687,-86245462,4690,65,10;381279,37078782,-86245208,4800,65,10;
382280,37078877,-86244958,4690,65,10;383281,37078970,-86244711,4850,65,10;384281,37079063,-86244466,4580,65,10;
385283,37079156,-86244220,4640,65,10;386283,37079252,-86243973,4690,64,10;387285,37079348,-86243725,4690,64,10;
388286,37079444,-86243477,4750,65,10;389285,37079538,-86243228,4750,65,10;390287,37079630,-86242982,4690,65,10;
391290,37079721,-86242741,4640,65,10;392289,37079811,-86242503,4580,65,10;393294,37079900,-86242268,4530,65,10;
394293,37079989,-86242035,4480,64,10;395294,37080077,-86241805,4420,64,10;396293,37080165,-86241577,4370,64,10;
397295,37080273,-86241362,4310,64,10;398295,37080360,-86241135,4310,64,10;399296,37080448,-86240907,4310,64,10;
400297,37080536,-86240681,4310,64,10;401298,37080599,-86240443,4310,64,10;402299,37080685,-86240222,4260,64,10;
403299,37080771,-86240006,4210,64,10;404300,37080856,-86239793,4150,63,10;405301,37080942,-86239578,4040,63,10;
406300,37081029,-86239362,4100,63,10;407300,37081117,-86239143,4150,63,10;408300,37081207,-86238923,4210,63,10;
409303,37081297,-86238703,4210,63,10;410304,37081387,-86238482,4260,63,10;411305,37081478,-86238261,4260,63,10;
412307,37081568,-86238043,4210,63,10;413308,37081662,-86237819,4260,63,10;414309,37081756,-86237592,4310,63,10;
415311,37081852,-86237363,4420,63,10;416311,37081948,-86237131,4420,63,10;417311,37082043,-86236902,4480,63,10;
418315,37082138,-86236673,4420,63,10;419315,37082233,-86236443,4420,63,10;420314,37082329,-86236213,4420,63,10;
421313,37082425,-86235980,4420,63,10;422313,37082524,-86235745,4530,62,10;423313,37082623,-86235510,4530,62,10;
424315,37082723,-86235271,4580,63,10;425316,37082823,-86235029,4580,63,10;426318,37082923,-86234786,4690,63,10;
427320,37083023,-86234544,4690,63,10;428320,37083124,-86234300,4690,63,10;429320,37083226,-86234056,4690,63,10;
430322,37083327,-86233813,4750,62,10;431323,37083429,-86233571,4690,62,10;432324,37083534,-86233325,4690,62,10;
433324,37083639,-86233075,4800,62,10;434323,37083745,-86232824,4850,62,10;435325,37083850,-86232573,4850,62,10;
436325,37083955,-86232323,4850,62,10;437325,37084061,-86232075,4850,62,10;438327,37084166,-86231831,4800,62,10;
439327,37084279,-86231593,4750,63,10;440328,37084378,-86231346,4750,63,10;441330,37084479,-86231099,4750,63,10;
442331,37084580,-86230847,4800,63,10;443332,37084683,-86230593,4850,63,10;444333,37084788,-86230338,4850,63,10;
445334,37084894,-86230082,4910,63,10;446336,37085001,-86229823,4960,63,10;447336,37085109,-86229562,5020,63,10;
448337,37085218,-86229300,5020,63,10;449337,37085327,-86229037,5070,63,10;450338,37085437,-86228775,5070,62,10;
451339,37085547,-86228513,5070,62,10;452340,37085658,-86228252,5070,63,10;453341,37085768,-86227990,5070,63,10;
454342,37085878,-86227728,5070,63,10;455343,37085989,-86227466,5070,63,10;456344,37086102,-86227202,5120,63,10;
457345,37086198,-86226927,5120,63,10;458345,37086311,-86226662,5120,62,10;459348,37086425,-86226400,5120,61,10;
460348,37086543,-86226142,5120,60,10;461348,37086660,-86225888,5070,60,10;462348,37086776,-86225636,5070,60,10;
463349,37086890,-86225389,4960,60,10;464350,37087003,-86225143,4910,60,10;465354,37087115,-86224900,4850,60,10;
466353,37087227,-86224663,4800,61,10;467355,37087332,-86224427,4690,62,10;468355,37087431,-86224190,4640,63,10;
469357,37087527,-86223956,4580,63,10;470358,37087622,-86223722,4480,63,10;471357,37087714,-86223483,4480,64,10;
472358,37087809,-86223236,4580,64,10;473357,37087906,-86222984,4690,64,10;474362,37088003,-86222732,4800,64,10;
475363,37088098,-86222488,4800,64,10;476363,37088191,-86222250,4640,64,10;477367,37088286,-86222016,4530,63,10;
478363,37088382,-86221786,4480,63,10;479368,37088479,-86221555,4420,62,10;480368,37088576,-86221325,4480,62,10;
481366,37088675,-86221096,4480,62,10;482370,37088775,-86220867,4480,61,10;483370,37088875,-86220639,4480,61,10;
484370,37088975,-86220411,4480,61,10;485372,37089072,-86220189,4370,61,10;486374,37089167,-86219972,4420,61,10;
487375,37089261,-86219760,4210,61,10;488376,37089355,-86219549,4150,61,10;489377,37089449,-86219341,4100,61,10;
490378,37089541,-86219135,4100,61,10;491379,37089634,-86218928,4040,61,10;492380,37089727,-86218721,4040,61,10;
493383,37089818,-86218516,4040,61,10;494384,37089904,-86218325,3990,61,10;495383,37089978,-86218159,3720,60,10;
496386,37090037,-86218030,3180,60,10;497387,37090092,-86217942,2480,60,10;498389,37090095,-86217848,1830,78,10;
499392,37090070,-86217775,1560,101,10;500389,37090021,-86217728,1340,131,10;501391,37089956,-86217697,1290,154,10;
502391,37089874,-86217669,1510,168,10;503391,37089775,-86217640,1830,168,10;504391,37089657,-86217608,2210,168,10;
505392,37089528,-86217577,2530,168,10;506393,37089387,-86217543,2800,168,10;507395,37089235,-86217501,3070,168,10;
508395,37089075,-86217457,3340,168,10;509397,37088910,-86217414,3500,168,10;510397,37088748,-86217371,3610,168,10;
511398,37088580,-86217325,3610,168,10;512397,37088416,-86217281,3560,168,10;513400,37088248,-86217237,3610,168,10;
514400,37088082,-86217192,3660,168,10;515400,37087919,-86217149,3610,168,10;516402,37087756,-86217105,3560,168,10;
517403,37087594,-86217060,3560,168,10;518403,37087433,-86217015,3560,168,10;519409,37087271,-86216972,3500,168,10;
520406,37087108,-86216929,3500,168,10;521408,37086943,-86216885,3560,168,10;522409,37086773,-86216842,3610,168,10;
523409,37086595,-86216796,3660,168,10;524410,37086407,-86216748,3880,168,10;525410,37086212,-86216697,4100,168,10;
526410,37086012,-86216645,4260,168,10;527412,37085808,-86216591,4370,168,10;528413,37085608,-86216538,4480,168,10;
529415,37085414,-86216486,4370,168,10;530416,37085221,-86216439,4260,169,10;531418,37085025,-86216396,4210,171,10;
532419,37084826,-86216363,4260,172,10;533419,37084628,-86216341,4310,176,10;534424,37084433,-86216336,4260,181,10;
535423,37084243,-86216355,4150,186,10;536424,37084056,-86216386,4100,189,10;537424,37083872,-86216415,3990,187,10;
538425,37083687,-86216429,3940,184,10;539430,37083497,-86216432,3940,179,10;540430,37083300,-86216427,4040,177,10;
541429,37083097,-86216418,4210,177,10;542432,37082887,-86216408,4370,177,10;543433,37082668,-86216397,4530,177,10;
544434,37082441,-86216381,4690,177,10;545435,37082207,-86216365,4850,177,10;546436,37081966,-86216349,5070,177,10;
547438,37081725,-86216334,5180,177,10;548441,37081488,-86216318,5120,177,10;549441,37081253,-86216301,5070,177,10;
550445,37081021,-86216284,5020,177,10;551444,37080792,-86216268,4960,177,10;552444,37080568,-86216251,4910,177,10;
553445,37080348,-86216236,4800,177,10;554445,37080131,-86216221,4690,177,10;555447,37079919,-86216206,4640,177,10;
556449,37079703,-86216191,4530,177,10;557449,37079483,-86216175,4640,177,10;558450,37079260,-86216159,4750,177,10;
559452,37079036,-86216145,4800,177,10;560452,37078811,-86216129,4800,177,10;561454,37078586,-86216112,4800,177,10;
562456,37078356,-86216094,4800,177,10;563457,37078121,-86216076,4910,177,10;564458,37077884,-86216057,5070,177,10;
565460,37077646,-86216037,5120,176,10;566460,37077407,-86216016,5120,176,10;567461,37077167,-86215998,5120,176,10;
568461,37076926,-86215979,5120,176,10;569463,37076682,-86215958,5180,176,10;570465,37076437,-86215938,5230,176,10;
571464,37076190,-86215917,5290,176,10;572464,37075941,-86215895,5340,176,10;573465,37075689,-86215874,5340,176,10;
574467,37075435,-86215854,5390,176,10;575468,37075180,-86215833,5450,176,10;576468,37074928,-86215813,5500,176,10;
577470,37074679,-86215795,5390,177,10;578470,37074433,-86215774,5340,176,10;579471,37074191,-86215755,5290,176,10;
580474,37073956,-86215735,5180,176,10;581474,37073736,-86215716,5020,176,10;582475,37073520,-86215698,4750,176,10;
583477,37073307,-86215683,4640,176,10;584478,37073098,-86215670,4580,176,10;585479,37072909,-86215656,4420,176,10;
586481,37072744,-86215641,3990,177,10;587481,37072596,-86215616,3500,171,10;588481,37072460,-86215577,3180,168,10;
589481,37072335,-86215517,2960,157,10;590482,37072225,-86215433,2860,149,10;591482,37072131,-86215324,2750,132,10;
592485,37072060,-86215188,2750,119,10;593485,37072012,-86215031,2800,110,10;594484,37071995,-86214860,2860,96,10;
595490,37072010,-86214682,2960,80,10;596491,37072051,-86214500,3070,71,10;597492,37072090,-86214304,3230,71,10;
598491,37072159,-86214114,3450,71,10;599492,37072211,-86213918,3560,71,10;600492,37072266,-86213729,3500,71,10;
601498,37072320,-86213545,3450,71,10;602495,37072372,-86213368,3340,70,10;605496,37072502,-86212837,3180,71,10;
606497,37072542,-86212688,3070,71,10;607499,37072573,-86212555,2640,74,10;608499,37072594,-86212424,2370,81,10;
609501,37072608,-86212292,2320,88,10;610502,37072584,-86212151,2370,102,10;611504,37072540,-86212010,2420,111,10;
612505,37072475,-86211875,2590,122,10;613508,37072385,-86211760,2690,133,10;614508,37072276,-86211675,2750,148,10;
619514,37071655,-86211592,2640,179,10;620514,37071526,-86211593,2750,179,10;621516,37071399,-86211581,2750,179,10;
622516,37071266,-86211568,2690,179,10;623520,37071116,-86211559,2860,179,10;624522,37070945,-86211556,3230,179,10;
625522,37070755,-86211554,3660,179,10;626521,37070557,-86211549,4100,178,10;627523,37070355,-86211543,4210,179,10;
628525,37070151,-86211536,4310,179,10;629526,37069940,-86211528,4420,179,10;630529,37069728,-86211522,4480,179,10;
631529,37069520,-86211514,4530,178,10;632530,37069315,-86211506,4420,178,10;633532,37069113,-86211498,4370,178,10;
634532,37068911,-86211491,4310,178,10;635532,37068708,-86211485,4310,178,10;636533,37068506,-86211479,4310,178,10;
637533,37068300,-86211473,4310,178,10;638534,37068091,-86211466,4370,179,10;639535,37067875,-86211460,4530,179,10;
640537,37067655,-86211453,4640,179,10;641542,37067433,-86211446,4690,179,10;642540,37067207,-86211441,4800,179,10;
643543,37066980,-86211436,4800,179,10;644542,37066751,-86211431,4850,179,10;645541,37066523,-86211425,4910,179,10;
646544,37066294,-86211418,4910,179,10;647544,37066063,-86211411,4910,179,10;648546,37065597,-86211398,5020,179,10;
649545,37065355,-86211391,5070,179,10;650546,37065123,-86211386,5070,179,10;651545,37064893,-86211380,5020,179,10;
652548,37064667,-86211375,4910,179,10;653551,37064447,-86211371,4850,179,10;654551,37064219,-86211366,4800,179,10;
655548,37064001,-86211360,4750,179,10;656550,37063782,-86211355,4690,179,10;657551,37063567,-86211351,4690,179,10;
658552,37063349,-86211349,4580,179,10;659552,37063128,-86211350,4640,180,10;660553,37062905,-86211352,4690,181,10;
661553,37062681,-86211360,4800,181,10;662554,37062461,-86211365,4800,181,10;663557,37062246,-86211363,4750,180,10;
664559,37062036,-86211358,4580,179,10;665560,37061829,-86211348,4480,177,10;666561,37061623,-86211340,4420,177,10;
667559,37061421,-86211332,4420,177,10;668466,37061421,-86211332,4340,178,10;668558,37061221,-86211325,4310,178,10;
669558,37061018,-86211316,4310,178,10;670559,37060814,-86211304,4370,178,10;671560,37060611,-86211291,4370,177,10;
672559,37060406,-86211278,4370,177,10;673561,37060203,-86211266,4370,177,10;674564,37059999,-86211254,4370,177,10;
675563,37059796,-86211242,4370,177,10;676564,37059591,-86211230,4370,177,10;677565,37059388,-86211219,4370,177,10;
678563,37059184,-86211206,4370,177,10;679565,37058983,-86211194,4370,178,10;680566,37058785,-86211182,4310,178,10;
681567,37058594,-86211172,4260,178,10;682569,37058416,-86211165,4040,178,10;683569,37058256,-86211159,3770,178,10;
684568,37058121,-86211153,3400,178,10;685570,37058013,-86211145,2800,178,10;686568,37057925,-86211134,2260,172,10;
687569,37057858,-86211105,1830,165,10;688569,37057799,-86211066,1510,142,10;689571,37057750,-86211018,1400,142,10;
690568,37057767,-86210880,1450,94,10;691466,37057767,-86210880,2019,92,10;691568,37057769,-86210767,1610,92,10;
692568,37057772,-86210637,1940,88,10;693569,37057779,-86210490,2260,89,10;694569,37057783,-86210330,2480,89,10;
695569,37057790,-86210157,2750,89,10;696574,37057797,-86209975,2960,89,10;697569,37057802,-86209784,3130,89,10;
698569,37057806,-86209586,3290,89,10;699569,37057793,-86209383,3400,89,10;700570,37057813,-86209174,3500,89,10;
701569,37057817,-86208967,3560,89,10;702569,37057821,-86208765,3560,89,10;703570,37057826,-86208571,3450,88,10;
704570,37057830,-86208392,3290,88,10;705571,37057835,-86208234,3020,88,10;706571,37057820,-86208088,2690,90,10;
707572,37057836,-86207960,2480,90,10;708573,37057825,-86207858,2150,92,10;709574,37057799,-86207783,1720,92,10;
710575,37057761,-86207731,1340,123,10;711573,37057744,-86207699,1180,144,10;712574,37057640,-86207695,1240,186,10;
713467,37057640,-86207695,1991,186,10;713575,37057553,-86207709,1510,185,10;714575,37057447,-86207728,1940,188,10;
715574,37057328,-86207747,2320,187,10;716573,37057202,-86207763,2590,186,10;717574,37057075,-86207781,2690,187,10;
718575,37056944,-86207801,2750,187,10;719574,37056811,-86207823,2800,187,10;720573,37056678,-86207845,2860,187,10;
721575,37056544,-86207866,2860,187,10;722575,37056411,-86207885,2860,187,10;723576,37056280,-86207902,2860,187,10;
724575,37056150,-86207921,2800,187,10;725578,37056013,-86207938,2800,187,10;726579,37055870,-86207958,2910,187,10;
727578,37055722,-86207980,3070,187,10;728585,37055573,-86208000,3180,187,10;729580,37055422,-86208021,3180,187,10;
730579,37055266,-86208042,3230,187,10;731578,37055109,-86208065,3340,186,10;732578,37054953,-86208089,3400,186,10;
733580,37054799,-86208113,3340,187,10;734579,37054647,-86208136,3290,187,10;735578,37054496,-86208159,3230,187,10;
736579,37054344,-86208181,3230,187,10;737578,37054191,-86208201,3230,187,10;738579,37054037,-86208221,3290,187,10;
739579,37053884,-86208242,3290,187,10;740579,37053731,-86208262,3290,187,10;741578,37053576,-86208284,3290,187,10;
742579,37053422,-86208309,3290,187,10;743580,37053268,-86208334,3340,187,10;744580,37053118,-86208357,3290,186,10;
745580,37052970,-86208382,3230,188,10;746580,37052819,-86208407,3180,188,10;747580,37052660,-86208433,3290,188,10;
748581,37052493,-86208460,3450,188,10;749582,37052321,-86208487,3610,188,10;750582,37052155,-86208516,3720,188,10;
751584,37052013,-86208543,3500,188,10;752583,37051904,-86208567,2960,189,10;753582,37051805,-86208590,2320,190,10;
754585,37051698,-86208616,2150,191,10;755584,37051575,-86208650,2320,192,10;756585,37051443,-86208685,2750,191,10;
757585,37051310,-86208714,2860,191,10;758586,37051168,-86208740,2910,190,10;759587,37051019,-86208764,3070,188,10;
760587,37050865,-86208789,3230,188,10;761586,37050710,-86208815,3340,188,10;762587,37050551,-86208842,3340,188,10;
763586,37050387,-86208869,3400,187,10;764588,37050219,-86208895,3500,187,10;765585,37050049,-86208921,3610,187,10;
766586,37049878,-86208947,3660,187,10;767587,37049710,-86208974,3660,187,10;768586,37049547,-86209000,3610,187,10;
769586,37049398,-86209022,3450,187,10;770588,37049264,-86209041,3180,187,10;771588,37049147,-86209060,2860,187,10;
772586,37049040,-86209077,2480,187,10;773587,37048934,-86209093,2260,187,10;774587,37048823,-86209110,2260,186,10;
775589,37048704,-86209128,2370,187,10;776588,37048579,-86209149,2530,187,10;777589,37048448,-86209172,2690,188,10;
778590,37048311,-86209196,2800,188,10;779590,37048169,-86209220,2960,188,10;780591,37048030,-86209242,3020,187,10;
781594,37047893,-86209264,2960,187,10;782593,37047744,-86209289,2960,188,10;783594,37047612,-86209311,2910,188,10;
784595,37047481,-86209332,2860,188,10;785595,37047350,-86209353,2800,188,10;786595,37047219,-86209375,2800,188,10;
787594,37047084,-86209399,2860,188,10;788594,37046951,-86209423,2910,188,10;789597,37046815,-86209447,2860,188,10;
790597,37046670,-86209473,2910,187,10;791598,37046523,-86209497,3130,187,10;792598,37046381,-86209519,3180,186,10;
793602,37046250,-86209539,3020,186,10;794599,37046126,-86209557,2800,184,10;795599,37046006,-86209573,2640,184,10;
796600,37045891,-86209588,2530,184,10;797599,37045785,-86209600,2420,184,10;798602,37045681,-86209610,2260,184,10;
799603,37045581,-86209617,2210,184,10;800603,37045483,-86209625,2150,184,10;801603,37045387,-86209636,2100,184,10;
802603,37045293,-86209646,2050,185,10;803605,37045198,-86209655,1990,185,10;804606,37045106,-86209661,1990,184,10;
805606,37045016,-86209666,1940,184,10;806606,37044925,-86209673,1880,184,10;807609,37044834,-86209681,1940,184,10;
808610,37044710,-86209692,2150,183,10;809612,37044584,-86209703,2420,183,10;810613,37044447,-86209714,2640,184,10;
811612,37044305,-86209723,2910,182,10;812612,37044163,-86209731,3020,184,10;813611,37044020,-86209741,3020,183,10;
814612,37043869,-86209750,3020,183,10;815615,37043716,-86209758,3230,183,10;816613,37043569,-86209768,3230,184,10;
817615,37043433,-86209777,3130,184,10;818636,37043315,-86209783,2910,184,10;819615,37043217,-86209788,2530,184,10;
820615,37043133,-86209792,2100,184,10;821616,37043072,-86209796,1780,184,10;822619,37043031,-86209800,1290,184,10;
823617,37043009,-86209802,860,184,10;824618,37043001,-86209802,430,184,10;825621,37042992,-86209803,100,184,10;
826620,37042964,-86209805,160,184,10;827618,37042908,-86209810,530,184,10;828619,37042831,-86209815,1180,183,10;
829621,37042730,-86209821,1670,183,10;830619,37042613,-86209828,2150,184,10;831620,37042479,-86209836,2480,183,10;
832620,37042338,-86209846,2800,184,10;833620,37042202,-86209856,3020,184,10;834620,37042075,-86209865,2910,184,10;
835623,37041965,-86209873,2690,184,10;836620,37041877,-86209880,2370,184,10;837621,37041812,-86209885,1880,183,10;
838623,37041763,-86209889,1340,183,10;839622,37041727,-86209892,1020,183,10;840627,37041709,-86209894,750,183,10;
841624,37041704,-86209894,370,183,10;842622,37041704,-86209894,50,183,10;843622,37041704,-86209894,0,183,10;
844623,37041704,-86209894,0,183,10;845621,37041704,-86209894,0,183,10;846624,37041704,-86209894,0,183,10;
847622,37041704,-86209894,0,183,10;848623,37041704,-86209894,0,183,10;849625,37041704,-86209894,0,183,10;
850625,37041704,-86209894,0,183,10;851626,37041704,-86209894,0,183,10;852627,37041704,-86209894,0,183,10;
853628,37041704,-86209894,0,183,10;854627,37041704,-86209894,0,183,10;855627,37041704,-86209894,0,183,10;
856627,37041700,-86209894,0,183,10;857626,37041685,-86209896,50,183,10;858626,37041658,-86209898,320,183,10;
859627,37041620,-86209898,530,183,10;860627,37041573,-86209888,800,183,10;861631,37041522,-86209905,1020,183,10;
862631,37041470,-86209798,1240,130,10;863628,37041436,-86209711,1450,118,10;864631,37041420,-86209593,1670,98,10;
865630,37041411,-86209460,1990,100,10;866630,37041452,-86209301,2320,77,10;867630,37041478,-86209122,2690,77,10;
868632,37041507,-86208924,3130,78,10;869632,37041540,-86208710,3450,79,10;870634,37041575,-86208485,3720,79,10;
871632,37041610,-86208249,3940,79,10;872634,37041644,-86208012,4100,80,10;873635,37041677,-86207772,4100,80,10;
874636,37041708,-86207525,4150,80,10;875635,37041732,-86207272,4260,85,10;876636,37041748,-86207011,4370,89,10;
877636,37041751,-86206745,4480,91,10;878638,37041785,-86206481,4530,80,10;879636,37041740,-86206194,4690,94,10;
880641,37041728,-86205911,4750,94,10;881639,37041715,-86205624,4910,94,10;882642,37041701,-86205339,4910,94,10;
883642,37041687,-86205055,4910,94,10;884643,37041675,-86204772,4850,94,10;885643,37041666,-86204486,4850,94,10;
886643,37041660,-86204197,4910,94,10;887643,37041653,-86203901,4960,94,10;888644,37041647,-86203597,5070,94,10;
889645,37041642,-86203280,5230,94,10;890647,37041634,-86202951,5450,94,10;891646,37041622,-86202613,5660,94,10;
892646,37041608,-86202270,5830,93,10;893648,37041593,-86201920,5930,93,10;894648,37041577,-86201570,5990,93,10;
895648,37041560,-86201218,6040,93,10;896650,37041542,-86200863,6090,94,10;897650,37041523,-86200504,6090,94,10;
898651,37041503,-86200143,6200,94,10;899651,37041485,-86199778,6200,94,10;900651,37041469,-86199413,6260,94,10;
901653,37041451,-86199052,6260,94,10;902652,37041433,-86198692,6200,94,10;903652,37041415,-86198331,6200,94,10;
904652,37041397,-86197970,6200,94,10;905653,37041378,-86197608,6200,94,10;906653,37041358,-86197245,6260,94,10;
907655,37041340,-86196878,6260,94,10;908654,37041321,-86196509,6310,94,10;909656,37041303,-86196139,6360,94,10;
910655,37041283,-86195768,6360,94,10;911655,37041261,-86195396,6420,94,10;912655,37041242,-86195027,6420,94,10;
913656,37041226,-86194664,6360,94,10;914659,37041208,-86194298,6260,94,10;915659,37041190,-86193934,6260,94,10;
916659,37041171,-86193570,6260,94,10;917658,37041152,-86193208,6260,94,10;918659,37041133,-86192847,6260,94,10;
919660,37041113,-86192487,6200,94,10;920660,37041096,-86192129,6200,94,10;921661,37041078,-86191769,6200,94,10;
922661,37041060,-86191414,6200,94,10;923660,37041041,-86191052,6090,94,10;924662,37041022,-86190692,6200,94,10;
925663,37041004,-86190333,6200,94,10;926663,37040987,-86189975,6150,93,10;927663,37040971,-86189614,6200,93,10;
928664,37040958,-86189255,6200,93,10;929664,37040946,-86188895,6200,92,10;930664,37040936,-86188535,6200,91,10;
931666,37040929,-86188173,6200,91,10;932667,37040927,-86187812,6200,91,10;933667,37040927,-86187449,6260,90,10;
934667,37040930,-86187086,6200,89,10;935667,37040935,-86186723,6260,88,10;936666,37040942,-86186358,6260,88,10;
937666,37040953,-86185993,6260,88,10;938667,37040966,-86185629,6260,87,10;939668,37040981,-86185263,6260,87,10;
940668,37040999,-86184898,6260,86,10;941668,37041019,-86184532,6310,86,10;942670,37041043,-86184166,6310,85,10;
943671,37041071,-86183800,6310,84,10;944671,37041101,-86183434,6310,84,10;945671,37041132,-86183068,6310,83,10;
946674,37041166,-86182702,6360,82,10;947675,37041201,-86182336,6360,82,10;948675,37041241,-86181968,6310,82,10;
949676,37041285,-86181598,6420,81,10;950677,37041333,-86181225,6420,81,10;951676,37041387,-86180843,6470,80,10;
952676,37041443,-86180456,6690,79,10;953676,37041503,-86180066,6800,79,10;954676,37041565,-86179678,6850,78,10;
955676,37041630,-86179296,6800,78,10;956676,37041696,-86178918,6740,77,10;957676,37041765,-86178538,6640,77,10;
958680,37041838,-86178157,6690,76,10;959678,37041914,-86177774,6740,76,10;960680,37041994,-86177391,6740,75,10;
961681,37042079,-86177005,6800,74,10;962681,37042167,-86176622,6850,74,10;963681,37042258,-86176243,6850,73,10;
964683,37042351,-86175864,6800,73,10;965683,37042445,-86175483,6800,73,10;966683,37042537,-86175098,6850,74,10;
967684,37042630,-86174709,6910,74,10;968683,37042724,-86174317,6960,74,10;969685,37042817,-86173928,7010,73,10;
970684,37042910,-86173540,7010,73,10;971686,37043002,-86173155,6960,73,10;972686,37043094,-86172769,6960,74,10;
973687,37043187,-86172383,6910,74,10;974688,37043280,-86171993,6960,73,10;975688,37043374,-86171600,7010,73,10;
976687,37043468,-86171207,7010,73,10;977687,37043560,-86170814,7070,73,10;978688,37043653,-86170423,7010,73,10;
979690,37043747,-86170031,7010,74,10;980688,37043841,-86169641,7070,74,10;981690,37043934,-86169252,7010,74,10;
982693,37044026,-86168866,7010,73,10;983694,37044116,-86168482,6910,73,10;984695,37044208,-86168098,6910,73,10;
985699,37044298,-86167710,6910,73,10;986699,37044391,-86167320,6960,74,10;987699,37044484,-86166928,6960,74,10;
988699,37044576,-86166533,7070,74,10;989699,37044669,-86166142,7070,74,10;990700,37044761,-86165751,7070,74,10;
991704,37044853,-86165359,7010,74,10;992703,37044945,-86164965,7070,74,10;993705,37045039,-86164570,7070,74,10;
994704,37045135,-86164173,7120,74,10;995704,37045229,-86163775,7120,74,10;996466,37045229,-86163775,7148,74,10;
997705,37045414,-86162985,7120,73,10;998705,37045504,-86162593,7070,74,10;999707,37045595,-86162206,7010,74,10;
1000707,37045686,-86161822,6910,74,10;1001708,37045776,-86161440,6850,74,10;1002707,37045866,-86161060,6850,73,10;
1003708,37045956,-86160680,6850,73,10;1004708,37046046,-86160303,6800,74,10;1005708,37046134,-86159927,6740,73,10;
1006708,37046222,-86159551,6740,73,10;1007709,37046309,-86159176,6740,74,10;1008710,37046397,-86158803,6690,73,10;
1009711,37046485,-86158432,6690,73,10;1010714,37046574,-86158061,6690,74,10;1011717,37046664,-86157691,6640,73,10;
1012715,37046752,-86157321,6640,73,10;1013715,37046840,-86156951,6640,74,10;1014716,37046927,-86156581,6640,74,10;
1015716,37047015,-86156211,6640,74,10;1016721,37047102,-86155842,6640,74,10;1017722,37047188,-86155475,6640,74,10;
1018721,37047274,-86155109,6580,74,10;1019722,37047360,-86154744,6530,74,10;1020721,37047446,-86154380,6530,74,10;
1021721,37047530,-86154016,6530,74,10;1022721,37047615,-86153654,6530,74,10;1023720,37047703,-86153291,6530,74,10;
1024721,37047789,-86152931,6530,74,10;1025723,37047876,-86152570,6470,73,10;1026721,37047963,-86152206,6470,74,10;
1027724,37048048,-86151842,6530,74,10;1028722,37048134,-86151475,6530,73,10;1029725,37048220,-86151107,6580,74,10;
1030726,37048306,-86150736,6640,74,10;1031726,37048394,-86150366,6640,73,10;1032725,37048481,-86149992,6690,74,10;
1033728,37048568,-86149617,6690,74,10;1034730,37048651,-86149240,6690,75,10;1035729,37048733,-86148860,6740,75,10;
1036729,37048815,-86148480,6800,75,10;1037729,37048895,-86148102,6740,75,10;1038730,37048976,-86147721,6740,75,10;
1039731,37049057,-86147339,6740,75,10;1040729,37049138,-86146956,6800,75,10;1041731,37049220,-86146571,6800,75,10;
1042731,37049301,-86146187,6800,75,10;1043732,37049383,-86145803,6850,75,10;1044733,37049465,-86145417,6850,75,10;
1045733,37049546,-86145029,6850,75,10;1046733,37049628,-86144642,6910,75,10;1047734,37049711,-86144256,6910,75,10;
1048736,37049794,-86143868,6910,75,10;1049735,37049877,-86143481,6910,75,10;1050737,37049961,-86143093,6910,75,10;
1051738,37050047,-86142705,6910,75,10;1052737,37050136,-86142318,6960,73,10;1053738,37050231,-86141936,6910,72,10;
1054740,37050331,-86141555,6910,72,10;1055740,37050438,-86141173,6910,70,10;1056741,37050553,-86140791,6960,69,10;
1057744,37050675,-86140409,7010,68,10;1058741,37050804,-86140025,7120,67,10;1059741,37050941,-86139643,7180,65,10;
1060741,37051081,-86139268,7230,65,10;1061741,37051228,-86138893,7120,63,10;1062742,37051383,-86138526,7180,61,10;
1063745,37051541,-86138166,7120,62,10;1064744,37051700,-86137808,7070,61,10;1065744,37051860,-86137448,7010,61,10;
1066746,37052018,-86137086,7070,61,10;1067744,37052175,-86136725,7070,61,10;1068745,37052330,-86136366,7070,62,10;
1069746,37052482,-86136015,6960,62,10;1070748,37052633,-86135669,6910,62,10;1071749,37052782,-86135333,6740,61,10;
1072750,37052927,-86135004,6580,61,10;1073750,37053071,-86134680,6470,61,10;1074751,37053211,-86134358,6360,61,10;
1075751,37053350,-86134038,6310,61,10;1076751,37053488,-86133723,6200,62,10;1077753,37053625,-86133413,6150,61,10;
1078751,37053761,-86133106,6090,61,10;1079752,37053896,-86132796,5990,62,10;1080752,37054034,-86132483,6040,62,10;
1081753,37054171,-86132165,6150,62,10;
